-- Auto-generated area grid for Kalimdor
-- Grid is 1024x1024, RLE encoded as {area_id, count, ...}
-- Generated by zone-map Rust tool

local _, addon = ...

-- 290 unique area IDs found
-- RLE data: {area_id, count, area_id, count, ...}
local rleData = {
  876,48,0,976,876,48,0,976,876,48,0,976,876,48,0,976,876,48,0,976,876,48,0,976,876,48,0,976,876,48,0,976,876,48,0,976,876,48,0,976,
  876,48,0,976,876,48,0,976,876,48,0,976,876,48,0,976,876,48,0,976,876,48,0,976,876,48,0,976,876,48,0,976,876,48,0,976,876,48,0,976,
  876,48,0,976,876,48,0,976,876,48,0,976,876,48,0,976,876,48,0,976,876,48,0,976,876,48,0,976,876,48,0,976,876,48,0,976,876,48,0,976,
  876,48,0,976,876,48,0,976,876,48,0,976,876,48,0,976,876,48,0,976,876,48,0,976,876,48,0,976,876,48,0,976,876,48,0,976,876,48,0,976,
  876,48,0,976,876,48,0,976,876,48,0,976,876,48,0,976,876,48,0,976,876,48,0,976,876,48,0,976,876,48,0,99680,2322,32,0,80,2322,32,0,880,
  2322,32,0,80,2322,32,0,880,2322,32,0,80,2322,32,0,880,2322,32,0,80,2322,32,0,880,2322,32,0,80,2322,32,0,880,2322,32,0,80,2322,32,0,880,
  2322,32,0,80,2322,32,0,880,2322,32,0,80,2322,32,0,880,2322,32,0,80,2322,32,0,880,2322,32,0,80,2322,32,0,880,2322,32,0,80,2322,32,0,880,
  2322,32,0,80,2322,32,0,880,2322,32,0,80,2322,32,0,880,2322,32,0,80,2322,32,0,880,2322,32,0,80,2322,32,0,880,2322,32,0,80,2322,32,0,880,
  2322,32,0,96,2322,16,0,880,2322,32,0,96,2322,16,0,880,2322,32,0,96,2322,16,0,880,2322,32,0,96,2322,16,0,880,2322,32,0,96,2322,16,0,880,
  2322,32,0,96,2322,16,0,880,2322,32,0,96,2322,16,0,880,2322,32,0,96,2322,16,0,880,2322,32,0,96,2322,16,0,880,2322,32,0,96,2322,16,0,880,
  2322,32,0,96,2322,16,0,880,2322,32,0,96,2322,16,0,880,2322,32,0,96,2322,16,0,880,2322,32,0,96,2322,16,0,880,2322,32,0,96,2322,16,0,880,
  2322,32,0,96,2322,16,0,880,2322,16,0,64,141,16,0,928,2322,16,0,64,141,16,0,928,2322,16,0,64,141,16,0,928,2322,16,0,64,141,16,0,928,
  2322,16,0,64,141,16,0,928,2322,16,0,64,141,16,0,928,2322,16,0,64,141,16,0,928,2322,16,0,64,141,3,188,4,141,9,0,928,2322,16,0,64,
  188,12,141,4,0,928,2322,16,0,64,188,14,141,2,0,928,2322,16,0,64,188,16,0,928,2322,16,0,64,188,16,0,928,2322,16,0,64,188,16,0,928,
  2322,16,0,64,188,16,0,928,2322,16,0,64,188,16,0,928,2322,16,0,64,188,16,0,832,2322,96,0,144,2326,80,332,96,0,608,2322,96,0,144,2326,80,
  332,96,0,608,2322,96,0,144,2326,80,332,96,0,608,2322,96,0,144,2326,80,332,96,0,608,2322,96,0,144,2326,80,332,96,0,608,2322,96,0,144,2326,80,
  332,96,0,608,2322,96,0,144,2326,80,332,96,0,608,2322,96,0,144,2326,80,332,96,0,608,2322,96,0,144,2326,80,332,96,0,608,2322,96,0,144,2326,80,
  332,96,0,608,2322,96,0,144,2326,80,332,96,0,608,2322,96,0,144,2326,80,332,96,0,608,2322,96,0,144,2326,80,332,96,0,608,2322,96,0,144,2326,80,
  332,96,0,608,2322,96,0,144,2326,80,332,96,0,608,2322,96,0,144,2326,80,332,96,0,608,2322,96,0,64,141,48,0,32,2326,63,332,113,0,608,2322,96,
  0,64,141,2,736,4,141,42,0,32,2326,63,332,113,0,608,2322,96,0,64,141,1,736,7,141,40,0,32,2326,63,332,113,0,608,2322,96,0,64,736,8,
  141,40,0,32,2326,63,332,113,0,608,2322,96,0,64,736,8,141,40,0,32,2326,63,332,113,0,608,2322,96,0,64,736,8,141,40,0,32,2326,63,332,113,
  0,608,2322,96,0,64,736,7,141,10,186,4,141,8,260,9,141,10,0,32,2326,63,332,113,0,608,2322,96,0,64,736,4,141,13,186,4,141,8,260,9,
  141,10,0,32,2326,63,332,113,0,608,2322,96,0,64,736,4,141,13,186,4,141,8,260,10,141,9,0,32,2326,63,332,113,0,608,2322,96,0,64,736,4,
  141,13,186,5,141,9,260,8,141,9,0,32,2326,63,332,113,0,608,2322,96,0,64,141,1,736,2,141,14,186,6,141,11,260,5,141,9,0,32,2326,63,
  332,113,0,608,2322,96,0,64,141,17,186,6,141,25,0,32,2326,63,332,113,0,608,2322,96,0,64,141,18,186,5,141,25,0,32,2326,63,332,113,0,608,
  2322,96,0,64,141,18,186,3,259,5,141,22,0,32,2326,62,332,114,0,608,2322,96,0,64,141,20,259,8,141,20,0,32,2326,62,332,114,0,608,2322,96,
  0,64,141,19,259,11,141,18,0,32,2326,62,332,114,0,608,2322,96,0,144,2326,62,332,2,0,48,5979,48,332,16,0,608,2322,96,0,144,2326,62,332,2,
  0,48,5979,48,332,16,0,608,2322,96,0,144,2326,62,332,2,0,48,5979,48,332,16,0,608,2322,96,0,144,2326,62,332,2,0,48,5979,48,332,16,0,608,
  2322,96,0,144,2326,62,332,2,0,48,5979,48,332,16,0,608,2322,96,0,144,2326,62,332,2,0,48,5979,48,332,16,0,608,2322,96,0,144,2326,62,332,2,
  0,48,5979,48,332,16,0,608,2322,96,0,144,2326,62,332,2,0,48,5979,48,332,16,0,608,2322,96,0,144,2326,62,332,2,0,48,5979,48,332,16,0,608,
  2322,96,0,144,2326,62,332,2,0,48,5979,48,332,16,0,608,2322,96,0,144,2326,62,332,2,0,48,5979,48,332,16,0,608,2322,96,0,144,2326,62,332,2,
  0,48,5979,48,332,16,0,608,2322,96,0,144,2326,62,332,2,0,48,5979,48,332,16,0,608,2322,96,0,144,2326,62,332,2,0,48,5979,48,332,16,0,608,
  2322,96,0,144,2326,62,332,2,0,48,5979,48,332,16,0,608,2322,96,0,144,2326,62,332,2,0,48,5979,48,332,16,0,608,2322,96,0,128,2322,16,2326,16,
  0,112,5979,32,332,16,0,608,2322,96,0,128,2322,16,2326,16,0,112,5979,32,332,16,0,608,2322,96,0,128,2322,16,2326,16,0,112,5979,32,332,16,0,608,
  2322,96,0,128,2322,16,2326,16,0,112,5979,32,332,16,0,608,2322,96,0,128,2322,16,2326,16,0,112,5979,32,332,16,0,608,2322,96,0,128,2322,16,2326,16,
  0,112,5979,32,332,16,0,608,2322,96,0,128,2322,16,2326,16,0,112,5979,32,332,16,0,608,2322,96,0,128,2322,15,2326,17,0,112,5979,32,332,16,0,608,
  2322,96,0,128,2322,14,2326,18,0,112,5979,32,332,16,0,608,2322,96,0,128,2322,13,2326,19,0,112,5979,32,332,16,0,608,2322,96,0,128,2322,12,2326,20,
  0,112,5979,32,332,16,0,608,2322,96,0,128,2322,11,2326,21,0,112,5979,32,332,16,0,608,2322,96,0,128,2322,10,2326,22,0,112,5979,32,332,16,0,608,
  2322,96,0,128,2322,9,2326,23,0,112,5979,32,332,16,0,608,2322,96,0,128,2322,8,2326,24,0,112,5979,32,332,16,0,608,2322,96,0,128,2322,7,2326,25,
  0,112,5979,32,332,16,0,608,2322,112,0,176,493,16,332,1,5979,47,0,48,332,16,0,608,2322,112,0,176,493,16,618,30,5979,10,618,8,0,48,332,16,
  0,608,2322,112,0,176,493,16,618,48,0,48,332,16,0,608,2322,112,0,176,493,16,618,48,0,48,332,16,0,608,2322,112,0,176,493,16,618,48,0,48,
  332,16,0,608,2322,112,0,176,493,16,618,12,2241,17,618,19,0,48,332,16,0,608,2322,112,0,176,493,16,618,12,2241,17,618,19,0,48,332,16,0,608,
  2322,112,0,176,493,16,618,12,2241,17,618,19,0,48,332,16,0,608,2322,112,0,176,493,16,618,12,2241,17,618,19,0,48,332,16,0,608,2322,112,0,176,
  493,16,618,12,2241,22,618,14,0,48,332,16,0,608,2322,112,0,176,493,16,618,12,2241,23,618,13,0,48,332,16,0,608,2322,112,0,176,493,16,618,12,
  2241,23,618,13,0,48,332,16,0,608,2322,112,0,176,493,16,618,12,2241,23,618,13,0,48,332,16,0,608,2322,112,0,176,2361,3,493,13,618,12,2241,23,
  618,13,0,48,332,16,0,608,2322,112,0,176,2361,3,493,13,618,12,2241,23,618,13,0,48,332,16,0,608,2322,112,0,176,2361,2,493,14,618,12,2241,23,
  618,13,0,48,332,16,0,656,2322,112,0,80,4662,4,148,21,493,7,0,32,493,10,618,2,2241,23,618,29,0,32,332,16,0,656,2322,112,0,80,4662,3,
  148,22,493,7,0,32,493,10,618,2,2241,23,618,15,2242,6,618,8,0,32,332,16,0,656,2322,112,0,80,4662,3,148,22,493,5,2362,2,0,32,493,9,
  618,3,2241,23,618,15,2242,7,618,7,0,32,332,16,0,656,2322,112,0,80,4662,2,148,20,493,8,2362,2,0,32,493,9,618,3,2241,23,618,14,2242,8,
  618,7,0,32,332,16,0,656,2322,112,0,80,4662,2,148,20,493,8,2362,2,0,32,493,8,618,4,2241,23,618,13,2242,9,618,7,0,32,332,16,0,656,
  2322,112,0,80,4662,2,148,20,493,8,2362,2,0,32,493,7,618,5,2241,23,618,12,2242,10,618,7,0,32,332,16,0,656,2322,112,0,80,4662,2,148,20,
  493,8,2362,2,0,32,493,7,618,5,2241,23,618,11,2242,8,618,10,0,32,332,16,0,656,2322,112,0,80,4662,2,148,20,493,10,0,32,493,6,618,6,
  2241,23,618,11,2242,7,618,11,0,32,332,16,0,656,2322,112,0,80,4662,2,148,20,493,10,0,32,493,6,618,6,2241,22,618,11,2242,8,618,11,0,32,
  332,16,0,656,2322,112,0,80,443,2,148,20,493,10,0,32,493,6,618,6,2241,21,618,13,2242,6,618,12,0,32,332,16,0,656,2322,112,0,80,443,4,
  148,18,493,10,0,32,493,6,618,6,2241,16,618,8,5703,2,618,8,2242,4,618,14,0,32,332,16,0,656,2322,112,0,80,443,4,148,18,493,10,0,32,
  493,6,618,6,2241,15,618,9,5703,2,618,26,0,32,332,16,0,656,2322,112,0,80,443,4,148,7,4664,6,148,5,493,10,0,32,493,6,618,6,2241,13,
  618,39,0,32,332,16,0,656,2322,112,0,80,443,4,148,7,4664,6,148,5,493,10,0,32,493,6,618,6,2241,11,618,41,0,32,332,16,0,656,2322,112,
  0,80,443,4,148,7,4664,7,148,4,493,10,0,32,493,6,618,6,2241,11,618,41,0,32,332,16,0,656,2322,112,0,80,443,4,148,7,4664,7,148,4,
  493,10,0,32,493,6,618,6,2241,10,2253,4,618,38,0,32,332,16,0,656,2322,48,2326,64,0,144,493,5,618,7,2241,8,618,1,2253,5,618,38,0,32,
  332,16,0,656,2322,48,2326,64,0,144,493,4,618,16,2253,7,618,37,0,32,332,16,0,656,2322,48,2326,64,0,144,493,2,618,17,2253,8,618,37,0,32,
  332,16,0,656,2322,48,2326,64,0,144,493,2,618,16,2253,9,618,37,0,32,332,16,0,656,2322,48,2326,64,0,144,493,2,618,15,2253,10,618,37,0,32,
  332,16,0,656,2322,48,2326,64,0,144,493,2,618,15,2253,11,618,36,0,32,332,16,0,656,2322,48,2326,64,0,144,618,16,0,1,2253,11,618,36,0,32,
  332,16,0,656,2322,48,2326,64,0,144,618,16,0,1,2253,11,618,36,0,32,332,16,0,656,2322,48,2326,64,0,144,618,17,2253,11,618,36,0,32,332,16,
  0,656,2322,48,2326,64,0,144,618,17,2253,11,618,25,2244,10,618,1,0,32,332,16,0,656,2322,48,2326,64,0,144,618,17,2253,11,618,24,2244,11,618,1,
  0,32,332,16,0,656,2322,48,2326,64,0,144,618,17,2253,11,618,20,2244,15,618,1,0,32,332,16,0,656,2322,48,2326,64,0,144,618,17,2253,11,618,20,
  2244,16,0,32,332,16,0,656,2322,48,2326,64,0,144,618,18,2253,10,618,20,2244,16,0,32,332,16,0,656,2322,48,2326,64,0,144,618,19,2253,8,618,21,
  2244,16,0,32,332,16,0,656,2322,48,2326,64,0,144,2246,2,618,18,2253,7,618,21,2244,16,0,32,332,16,0,704,2326,64,0,80,361,13,5676,3,0,48,
  2246,2,618,19,2253,5,618,14,2255,7,618,1,2244,16,0,32,332,16,0,704,2326,64,0,80,361,13,5676,3,0,48,2246,2,618,19,2253,4,618,14,2255,9,
  2244,16,0,32,332,16,0,704,2326,64,0,80,361,13,5676,3,0,48,2246,2,618,19,2253,2,618,16,2255,10,2244,15,0,32,332,16,0,704,2326,64,0,80,
  361,13,5676,3,0,48,2246,2,618,37,2255,11,2244,14,0,32,332,16,0,704,2326,64,0,80,361,13,5676,3,0,48,2246,2,618,21,2251,10,618,6,2255,11,
  2244,14,0,32,332,16,0,704,2326,64,0,80,361,6,5676,10,0,48,2246,2,618,19,2251,13,618,5,2255,11,2244,14,0,32,332,16,0,704,2326,64,0,80,
  361,6,5676,10,0,48,2246,2,618,18,2251,16,618,3,2255,11,2247,3,2244,11,0,32,332,16,0,704,2326,64,0,80,361,6,5676,10,0,48,2246,1,618,17,
  2251,19,618,2,2255,9,2247,6,2244,10,0,32,332,16,0,704,2326,64,0,80,361,6,5676,10,0,48,618,16,2251,21,618,2,2255,8,2247,8,2244,9,0,32,
  332,16,0,704,2326,64,0,80,361,6,5676,10,0,48,618,16,2251,21,618,7,2255,2,618,1,2247,16,618,1,0,32,332,16,0,704,2326,64,0,80,361,6,
  5676,10,0,48,618,1,2243,11,618,5,2251,20,618,11,2247,15,618,1,0,32,332,16,0,704,2326,64,0,80,361,4,1767,2,5676,10,0,48,2243,12,618,6,
  2251,19,618,12,2247,14,618,1,0,32,332,16,0,704,2326,64,0,80,361,3,1767,3,5676,10,0,48,2243,13,618,6,2251,12,2252,5,2251,1,618,13,2247,13,
  618,1,0,32,332,16,0,704,2326,64,0,80,361,2,1767,5,5676,9,0,48,2243,13,618,6,2251,11,2252,6,2251,1,618,14,2247,12,618,1,0,32,332,16,
  0,704,2326,64,0,80,361,2,1767,9,5676,5,0,48,2243,13,618,5,2252,18,2251,1,618,15,2247,11,618,1,0,32,332,16,0,704,2326,64,0,80,361,1,
  1767,11,5676,4,0,48,2243,13,618,4,2252,19,618,16,2247,11,618,1,0,32,332,16,0,704,2326,64,0,128,618,5,2243,24,618,4,2252,19,618,16,2247,11,
  618,1,0,32,2321,64,0,656,2326,64,0,128,618,5,2243,24,618,4,2252,19,618,16,2247,11,618,1,0,32,2321,64,0,656,2326,64,0,128,618,5,2243,24,
  618,5,2252,11,2245,17,618,6,2247,11,618,1,0,32,2321,64,0,656,2326,64,0,128,618,34,2252,10,2245,19,618,5,2247,11,618,1,0,32,2321,64,0,656,
  2326,64,0,128,618,34,2252,10,2245,20,618,4,2247,11,618,1,0,32,2321,64,0,656,2326,64,0,128,618,34,2252,10,2245,11,5707,4,2245,5,618,4,2247,11,
  618,1,0,32,2321,64,0,656,2326,64,0,128,618,13,616,10,618,11,2252,10,2245,11,5707,4,2245,5,618,4,2247,11,618,1,0,32,2321,64,0,656,2326,64,
  0,128,618,11,616,14,618,10,2252,9,2245,11,5707,4,2245,5,618,4,2247,11,618,1,0,32,2321,64,0,656,2326,64,0,128,618,8,616,20,618,9,2252,1,
  618,2,2252,4,618,1,2245,19,618,4,2247,11,618,1,0,32,2321,64,0,656,2326,64,0,128,618,4,616,28,618,13,2245,19,618,4,2247,11,618,1,0,32,
  2321,64,0,656,2326,64,0,128,618,2,616,32,618,11,2245,18,618,5,2247,11,618,1,0,32,2321,64,0,656,2326,64,0,128,618,1,616,35,618,9,2245,17,
  618,6,2247,11,618,1,0,32,2321,64,0,656,2326,64,0,128,616,36,618,9,2245,17,618,6,2247,11,618,1,0,32,2321,64,0,656,2326,64,0,128,616,36,
  618,9,2245,16,618,7,2247,11,618,1,0,32,2321,64,0,656,2326,64,0,128,616,37,618,8,2245,14,618,9,2247,11,618,1,0,32,2321,64,0,656,2326,64,
  0,128,616,38,618,7,2245,14,618,8,2247,12,618,1,0,32,2321,64,0,656,2326,64,0,80,1767,10,361,19,616,3,0,48,616,6,618,9,2245,8,2248,4,
  618,7,2247,13,618,1,0,80,2321,48,0,624,2326,64,0,80,1766,3,1767,6,361,17,616,6,0,48,616,6,618,11,2248,11,618,5,2250,11,618,4,0,80,
  2321,48,0,624,2326,64,0,80,1766,5,1767,2,361,16,616,9,0,48,616,6,618,11,2248,12,618,3,2250,12,618,4,0,80,2321,48,0,624,2326,64,0,80,
  1766,5,361,17,616,10,0,48,616,8,618,9,2248,13,618,2,2250,12,618,4,0,80,2321,48,0,624,2326,64,0,80,1766,6,361,15,616,11,0,48,616,8,
  618,9,2248,13,618,1,2250,13,618,4,0,80,2321,48,0,624,2326,64,0,80,1766,6,361,14,616,12,0,48,616,9,618,8,2248,12,618,2,2250,13,618,4,
  0,80,2321,48,0,624,2326,64,0,80,1766,6,361,13,616,13,0,48,616,13,618,4,2248,12,618,1,2250,14,618,4,0,80,2321,48,0,624,2326,64,0,80,
  1766,6,361,11,616,15,0,48,616,14,618,3,2248,12,618,1,2250,13,618,5,0,80,2321,48,0,624,2326,64,0,80,1766,6,361,10,616,16,0,48,616,15,
  618,2,2248,12,618,1,2250,13,618,5,0,80,2321,48,0,624,2326,64,0,80,1766,6,361,9,616,17,0,48,616,15,618,2,2248,11,618,2,2250,13,618,5,
  0,80,2321,48,0,624,2326,64,0,80,1766,6,361,7,616,19,0,48,616,15,618,3,2249,10,618,2,2250,13,618,5,0,80,2321,48,0,624,2326,64,0,80,
  1766,6,361,6,616,20,0,48,616,15,618,3,2249,10,618,2,2250,13,618,5,0,80,2321,48,0,624,2326,64,0,80,1766,5,5022,11,616,16,0,48,616,15,
  618,3,2249,10,618,3,2250,11,618,6,0,80,2321,48,0,624,2326,64,0,80,1766,4,5022,18,616,8,4979,2,0,48,616,15,618,3,2249,10,618,3,2249,1,
  2250,10,618,6,0,80,2321,48,0,624,2326,64,0,80,1766,3,5022,21,616,5,4979,3,0,48,616,15,618,3,2249,12,618,1,2249,11,618,6,0,80,2321,48,
  0,624,2326,64,0,80,1766,2,5022,10,5016,3,5022,9,616,3,4979,5,0,48,616,15,618,3,2249,12,618,1,2249,11,618,5,1230,1,0,80,2321,48,0,624,
  2326,64,0,80,1766,1,5022,9,5016,5,5022,1,0,48,5622,1,616,4,5038,11,616,14,618,4,2249,14,0,112,2321,32,0,624,2326,64,0,80,361,1,5022,9,
  5016,5,5022,1,0,48,616,5,5038,11,616,14,618,4,2249,14,0,112,2321,32,0,624,2326,64,0,80,361,1,5022,3,5015,2,4861,4,5016,5,5022,1,0,48,
  616,5,5038,11,616,13,618,5,2249,14,0,112,2321,32,0,624,2326,64,0,80,361,1,5022,3,5015,3,4861,4,5016,4,5022,1,0,48,616,29,618,5,2249,14,
  0,112,2321,32,0,624,2326,64,0,80,361,1,5022,4,5015,1,4861,6,5016,2,5022,2,0,48,616,29,618,5,2249,10,618,2,2249,2,0,112,2321,32,0,624,
  2326,64,0,80,361,1,5022,4,4861,9,5022,2,0,48,616,29,618,5,2249,8,618,3,2249,3,0,112,2321,32,0,624,2326,64,0,80,361,1,5022,5,4861,9,
  5022,1,0,48,616,29,618,5,2249,8,618,2,2249,4,0,112,2321,32,0,624,2326,64,0,80,361,2,5022,4,4861,10,0,48,616,28,618,6,2249,7,618,2,
  2249,5,0,112,2321,32,0,624,2326,64,0,80,361,2,5022,4,4861,10,0,48,616,28,618,15,2249,5,0,112,2321,32,0,624,2326,64,0,80,361,2,5022,5,
  4861,9,0,48,616,28,4991,17,2249,3,0,112,2321,32,0,624,2326,64,0,80,361,2,5022,6,4861,8,0,48,616,27,4991,21,0,112,2321,32,0,624,2326,64,
  0,80,361,3,5022,6,4861,7,0,48,616,26,4991,22,0,112,2321,32,0,624,2326,64,0,80,361,4,5022,7,4861,5,0,48,616,26,4991,22,0,112,2321,32,
  0,624,2326,64,0,80,361,4,5022,7,4861,5,0,48,616,24,4991,4,4995,7,4991,13,0,112,2321,32,0,624,2326,64,0,80,361,5,5022,7,4861,4,0,48,
  616,23,4991,5,4995,7,4991,13,0,112,2321,32,0,624,2326,64,0,80,361,6,5022,7,5018,3,0,48,616,23,4991,5,4995,7,4991,13,0,112,2321,32,0,624,
  2326,64,0,48,2077,6,2481,1,1763,9,0,48,4861,6,5022,4,4861,4,5022,10,5017,6,616,18,0,16,4995,3,4991,13,0,112,2321,32,0,624,2326,64,0,48,
  2077,6,2481,1,1763,9,0,48,4861,16,5022,8,5017,24,0,16,4995,2,4991,14,0,112,2321,32,0,624,2326,64,0,48,2077,6,2481,3,1763,7,0,48,4861,18,
  5022,5,5017,25,0,16,4995,1,4991,15,0,112,2321,32,0,624,2326,64,0,48,455,1,2077,4,2481,11,0,48,4861,19,5017,29,0,16,4991,16,0,112,2321,32,
  0,624,2326,64,0,48,455,1,2077,4,2481,11,0,48,4861,19,5017,29,0,16,4991,12,4994,3,4991,1,0,112,2321,32,0,624,2326,64,0,48,455,1,2077,4,
  2481,11,0,48,4861,19,5017,29,0,16,4991,11,4994,4,4991,1,0,112,2321,32,0,624,2326,64,0,48,455,1,2077,4,2481,11,0,48,4861,19,5017,29,0,16,
  4991,11,4994,4,4991,1,0,112,2321,32,0,624,2326,64,0,48,2077,5,2481,11,0,48,4861,20,5017,28,0,16,4991,7,4984,2,4991,2,4994,4,4991,1,0,112,
  2321,32,0,624,2326,64,0,48,2077,5,2481,11,0,48,5019,1,4861,19,5017,28,0,16,4991,7,4984,2,4991,2,4994,4,4991,1,0,112,2321,32,0,624,2326,64,
  0,48,2077,5,2481,11,0,48,5019,2,4861,18,5017,28,0,16,4991,7,4984,2,4991,7,0,112,2321,32,0,624,2326,64,0,48,2077,6,2481,10,0,48,5019,2,
  4861,18,5022,2,616,16,5017,10,0,16,4984,9,4991,7,0,112,2321,32,0,624,2326,64,0,48,2077,6,2481,10,0,48,5019,2,4861,18,5022,2,616,24,4991,1,
  4998,1,0,16,4984,9,4991,7,0,112,2321,32,0,624,2326,64,0,48,2077,7,361,3,2481,6,0,48,5019,2,4861,15,5022,5,616,23,4991,1,4998,2,0,16,
  4984,9,4991,7,0,112,2321,32,0,624,2326,64,0,48,2077,7,361,3,2481,6,0,48,5019,2,5022,1,4861,13,5022,6,616,22,4991,2,4998,2,0,16,4984,7,
  4991,9,0,112,2321,32,0,624,2326,64,0,48,2077,7,361,3,2481,6,0,48,5019,2,5022,2,4861,7,5022,10,616,25,4991,1,4998,1,0,16,4991,2,4984,5,
  4991,9,0,112,2321,32,0,624,2326,64,0,48,2077,7,361,4,2481,5,0,48,5022,4,4861,4,5022,11,616,27,4991,2,0,16,4991,16,0,112,2321,32,0,624,
  2325,48,0,48,2077,18,331,5,361,4,2481,5,0,32,361,9,5022,11,5087,4,5022,8,0,64,2256,4,16,2,1216,10,0,112,2321,16,0,624,2325,48,0,48,
  2077,17,331,6,361,5,2481,4,0,32,361,11,5022,9,5087,4,5022,8,0,64,2256,4,16,2,1216,10,0,112,2321,16,0,624,2325,48,0,48,2077,8,331,4,
  2077,4,331,7,361,7,2481,2,0,32,361,13,5022,7,5087,4,5022,5,616,3,0,64,2256,4,16,2,1216,10,0,112,2321,16,0,624,2325,48,0,48,2077,8,
  331,5,2077,2,331,8,361,7,2480,2,0,32,361,14,5087,10,5022,1,616,7,0,64,2256,4,16,2,1216,10,0,112,2321,16,0,624,2325,48,0,48,2077,7,
  331,16,361,7,2480,2,0,32,361,14,5087,10,616,8,0,64,2256,4,16,2,1216,10,0,112,2321,16,0,624,2325,48,0,48,2077,7,331,16,361,7,2480,2,
  0,32,361,14,5087,10,616,8,0,64,2256,3,16,3,1216,10,0,112,2321,16,0,624,2325,48,0,48,331,1,2077,6,331,16,361,7,2480,2,0,32,361,14,
  5087,9,616,9,0,64,1224,3,16,3,1216,10,0,112,2321,16,0,624,2325,48,0,48,331,27,361,3,2480,2,0,32,2478,3,361,11,5087,9,616,9,0,64,
  1224,4,16,2,1216,5,16,5,0,112,2321,16,0,624,2325,48,0,48,331,28,361,2,2480,2,0,32,2478,4,361,10,5087,9,616,9,0,64,1224,5,1216,5,
  16,6,0,112,2321,16,0,624,2325,48,0,48,331,18,411,10,331,1,361,1,2480,2,0,32,2478,5,361,9,5087,9,616,9,0,64,1224,5,1216,5,16,6,
  0,112,2321,16,0,624,2325,48,0,48,331,17,411,12,331,1,361,1,2480,1,0,32,2478,5,361,9,5087,9,616,9,0,64,1224,5,1216,4,16,7,0,112,
  2321,16,0,624,2325,48,0,48,331,10,4644,2,331,4,411,13,331,1,361,1,2480,1,0,32,2478,6,361,8,5087,9,616,9,0,64,1224,5,1216,3,16,8,
  0,112,2321,16,0,624,2325,48,0,48,331,9,4644,4,331,2,411,15,361,2,0,32,2478,8,361,6,5087,9,616,9,0,64,1224,6,16,10,0,112,2321,16,
  0,624,2325,48,0,48,331,9,4644,4,331,1,411,16,331,2,0,32,2478,8,361,6,5087,9,616,9,0,64,1224,4,16,9,1221,3,0,112,2321,16,0,624,
  2325,48,0,48,331,10,4644,2,331,2,411,16,331,2,0,32,2478,8,361,6,5087,9,616,9,0,64,1224,2,16,10,1221,4,0,112,2321,16,0,624,2325,48,
  0,48,331,14,411,16,331,2,0,32,2478,8,361,6,5087,9,616,9,0,64,1224,1,16,6,1221,9,0,112,2321,16,0,624,2325,32,0,80,411,8,331,8,
  0,32,2478,8,361,6,5087,9,616,9,0,16,616,3,5045,4,616,6,2457,3,0,32,16,6,1221,10,0,112,2321,16,0,624,2325,32,0,80,411,7,412,3,
  331,6,0,32,2478,8,361,6,5087,9,616,9,0,16,616,9,2457,7,0,32,16,5,1221,11,0,112,2321,16,0,624,2325,32,0,80,411,7,412,2,2301,4,
  331,3,0,32,2478,8,361,6,5087,12,616,6,0,16,616,9,2457,7,0,32,16,5,1221,11,0,112,2321,16,0,624,2325,32,0,80,412,9,2301,4,331,3,
  0,32,2478,8,361,6,5087,12,616,6,0,16,616,9,2457,7,0,32,16,5,1221,11,0,112,2321,16,0,624,2325,32,0,80,412,9,2301,4,4694,3,0,32,
  2478,8,361,6,5087,14,616,4,0,16,616,3,2457,13,0,32,16,4,1233,2,1221,10,0,112,2321,16,0,624,2325,32,0,80,412,9,2301,3,4694,4,0,32,
  2457,14,5087,14,616,4,0,16,2457,16,0,32,16,2,1233,4,1221,10,0,112,2321,16,0,624,2325,32,0,80,412,8,2301,5,4694,3,0,32,2457,14,5087,14,
  616,4,0,16,2457,11,438,5,0,32,1233,5,1221,11,0,112,2321,16,0,624,2325,32,0,80,412,7,2301,6,4694,3,0,32,2457,14,5087,14,616,4,0,16,
  2457,10,438,6,0,32,1233,4,1221,12,0,112,2321,16,0,624,2325,32,0,80,412,6,2301,7,4694,3,0,32,2457,14,5087,14,616,4,0,16,2457,10,438,6,
  0,32,1233,3,1221,13,0,112,2321,16,0,624,2325,32,0,80,412,5,2301,8,4694,2,2301,1,0,32,2457,14,5087,14,616,4,0,16,2457,10,438,6,0,32,
  1233,3,1221,13,0,112,2321,16,0,624,2325,32,0,80,412,4,2301,12,0,32,2457,14,5087,14,616,4,0,16,2457,9,438,7,0,32,1233,3,1221,13,0,112,
  2321,16,0,624,2325,32,0,80,2301,16,0,32,2457,14,5087,14,616,2,2457,2,0,16,2457,6,438,10,0,32,1233,4,1221,12,0,112,2321,16,0,624,2325,32,
  0,80,2301,16,0,32,2457,14,5087,14,2457,4,0,16,2457,6,438,10,0,32,16,1,1233,7,1221,8,0,112,2321,16,0,624,2325,32,0,80,2301,16,0,32,
  2457,14,5087,14,2457,4,0,16,2457,6,438,10,0,32,16,2,1233,7,1221,7,0,112,2321,16,0,624,2325,32,0,80,2301,16,0,32,2457,14,5087,14,2457,4,
  0,16,2457,4,2358,2,438,10,0,32,16,3,1233,6,1221,7,0,112,2321,16,0,624,2325,32,0,80,2301,16,0,32,2457,14,5087,14,2457,4,0,16,2457,2,
  2358,4,438,10,0,32,16,4,1233,3,1221,9,0,112,2321,16,0,624,2325,16,0,128,4690,9,419,6,2457,17,0,64,16,6,4824,3,16,7,0,768,2325,16,
  0,128,4690,9,419,6,2457,17,0,64,16,6,4824,3,16,7,0,768,2325,16,0,128,4690,9,419,6,2457,17,0,64,16,16,0,768,2325,16,0,128,4690,9,
  419,6,2457,17,0,64,1237,1,16,15,0,768,2325,16,0,128,4690,9,419,6,2457,17,0,64,1237,2,16,14,0,768,2325,16,0,128,4690,10,2457,19,428,3,
  0,64,1237,2,16,8,4744,5,16,1,0,768,2325,16,0,128,4690,11,331,7,426,3,2457,8,428,3,0,64,1237,2,16,8,4744,5,16,1,0,768,2325,16,
  0,128,4690,8,425,4,331,5,426,5,2457,7,428,3,0,64,1237,1,16,3,4744,12,0,768,2325,16,0,128,4690,8,425,4,331,5,426,6,2457,7,428,2,
  0,64,1237,1,16,2,4744,13,0,768,2325,16,0,128,4690,8,425,4,331,5,426,7,2457,7,428,1,0,64,3137,1,16,2,4744,13,0,768,2325,16,0,128,
  4690,8,425,4,331,5,426,8,2457,6,428,1,0,64,3137,2,16,1,4744,13,0,768,2325,16,0,128,4690,10,331,7,426,9,2457,5,428,1,0,64,3137,2,
  16,1,4744,13,0,768,2325,16,0,128,4690,11,331,7,426,8,2457,5,428,1,0,64,3137,2,16,1,4744,13,0,768,2325,16,0,128,4690,12,331,6,426,9,
  2457,4,428,1,0,64,3137,2,16,1,4744,13,0,768,2325,16,0,128,4690,12,331,6,426,9,2457,3,428,2,0,64,3137,2,16,1,4744,13,0,768,2325,16,
  0,128,4690,12,331,5,426,10,2457,3,428,2,0,64,3137,2,16,2,4744,12,0,768,2325,16,0,16,406,23,467,26,331,12,416,17,331,2,0,240,2321,32,
  0,640,2325,16,0,16,406,23,467,26,331,12,416,16,331,3,0,240,2321,32,0,640,2325,16,0,16,406,23,467,26,331,12,416,15,331,4,0,240,2321,32,
  0,640,2325,16,0,16,406,21,467,2,468,6,467,20,406,6,331,6,416,15,331,4,0,240,2321,32,0,640,2325,16,0,16,406,16,467,7,468,7,467,19,
  406,6,331,6,416,12,331,7,0,240,2321,32,0,640,2325,16,0,16,406,16,467,7,468,8,467,18,406,6,331,6,416,11,331,8,0,240,2321,32,0,640,
  2325,16,0,16,406,16,467,7,468,8,467,18,406,6,331,6,4716,2,417,11,331,6,0,240,2321,32,0,640,2325,16,0,16,406,16,467,7,468,8,467,18,
  406,6,331,4,4716,4,417,12,331,2,417,3,0,240,2321,32,0,640,2325,16,0,16,406,16,467,7,468,7,467,19,406,8,331,2,4716,4,417,17,0,240,
  2321,32,0,640,2325,16,0,16,406,16,467,9,468,5,467,18,406,8,331,3,4716,5,417,16,0,240,2321,32,0,640,2325,16,0,16,406,16,467,31,406,10,
  331,2,4716,5,417,16,0,240,2321,32,0,640,2325,16,0,16,406,16,467,30,406,11,331,7,417,16,0,240,2321,32,0,640,2325,16,0,16,406,16,467,30,
  406,11,331,7,417,16,0,240,2321,32,0,640,2325,16,0,16,406,16,467,14,4937,5,467,5,4936,6,406,11,331,7,417,16,0,240,2321,32,0,640,2325,16,
  0,16,406,16,467,14,4937,5,467,5,4936,6,406,11,331,8,417,15,0,240,2321,32,0,640,2325,16,0,16,406,16,467,14,4937,5,467,5,4936,6,406,11,
  331,13,417,10,0,240,2321,32,0,640,2324,16,0,32,406,10,467,1,406,3,4937,5,467,5,4936,6,406,2,0,96,2457,8,431,4,2457,4,0,160,2321,32,
  0,640,2324,16,0,32,406,14,4937,5,467,5,4936,8,0,96,2457,6,431,6,2457,4,0,160,2321,32,0,640,2324,16,0,32,406,14,4937,5,4938,6,4936,7,
  0,96,2457,6,431,6,2457,4,0,160,2321,32,0,640,2324,16,0,32,406,14,4938,12,4936,6,0,96,2457,6,431,4,2457,3,432,3,0,160,2321,32,0,640,
  2324,16,0,32,406,13,4938,13,4936,6,0,96,2457,6,431,3,2457,3,432,4,0,160,2321,32,0,640,2324,16,0,32,406,12,4938,14,4936,4,406,2,0,96,
  2457,11,432,5,0,160,2321,32,0,640,2324,16,0,32,406,12,4938,14,4936,3,406,3,0,96,2457,10,432,6,0,160,2321,32,0,640,2324,16,0,32,406,12,
  4938,14,4936,3,406,3,0,96,2457,9,432,7,0,160,2321,32,0,640,2324,16,0,32,406,12,4938,14,4936,2,406,2,464,2,0,96,2360,1,2457,8,432,7,
  0,160,2321,32,0,640,2324,16,0,32,406,12,4938,14,406,4,464,2,0,96,2360,1,2457,7,432,8,0,160,2321,32,0,640,2324,16,0,32,406,11,4938,15,
  406,4,464,2,0,96,2360,1,2457,7,432,8,0,160,2321,32,0,640,2324,16,0,32,406,11,4938,14,406,5,464,2,0,96,2360,1,2457,7,432,8,0,160,
  2321,32,0,640,2324,16,0,32,406,11,4938,14,406,5,464,2,0,96,2360,1,2457,7,432,8,0,160,2321,32,0,640,2324,16,0,32,406,11,4938,2,4944,8,
  4938,4,406,4,464,3,0,96,2360,1,2457,8,432,7,0,160,2321,32,0,640,2324,16,0,32,406,11,4938,2,4944,8,4938,4,406,4,464,3,0,96,422,1,
  2457,7,3177,7,432,1,0,160,2321,32,0,640,2324,16,0,32,406,11,4938,2,4944,8,4938,4,406,4,4943,1,464,2,0,96,422,1,2457,6,3177,8,432,1,
  0,160,2321,32,0,640,2324,32,0,16,406,11,4938,2,4944,8,4938,4,4943,6,464,1,0,128,435,9,14,1,17,6,0,64,2321,3,16,1,2321,12,0,48,
  2321,32,0,640,2324,32,0,16,406,11,4938,2,4944,8,4938,4,4943,6,464,1,0,128,435,8,14,1,17,1,381,6,0,64,2321,16,0,48,2321,32,0,640,
  2324,32,0,16,406,11,4938,2,4944,8,4938,4,4943,6,464,1,0,128,17,1,14,2,435,5,14,1,17,1,381,6,0,64,2321,16,0,48,2321,32,0,640,
  2324,32,0,16,406,11,4938,2,4944,8,4938,2,406,7,464,2,0,128,17,2,14,1,435,4,14,1,17,1,381,7,0,64,2321,16,0,48,2321,32,0,640,
  2324,32,0,16,406,11,4938,2,4944,8,4938,2,406,7,464,2,0,128,17,3,14,4,17,2,381,7,0,64,2321,16,0,48,2321,32,0,640,2324,32,0,16,
  406,11,4938,12,406,7,464,2,0,128,17,3,14,3,17,2,381,8,0,64,2320,3,2321,13,0,48,2321,32,0,640,2324,32,0,16,406,11,4938,12,406,7,
  464,1,4935,1,0,128,17,8,381,8,0,64,2320,3,2321,13,0,48,2321,32,0,640,2324,32,0,16,406,10,4938,13,406,7,464,1,4935,1,0,128,17,8,
  381,8,0,64,2320,4,2321,12,0,48,2321,32,0,640,2324,32,0,16,406,9,4938,14,406,7,464,2,0,128,17,8,381,8,0,64,2320,5,2321,11,0,48,
  2321,32,0,640,2324,32,0,16,406,9,4938,14,406,8,464,1,0,128,17,8,381,8,0,64,2320,7,2321,9,0,48,2321,32,0,640,2324,32,0,16,406,9,
  4938,14,406,9,0,128,17,8,381,8,0,64,2320,8,2321,8,0,48,2321,32,0,640,2324,32,0,16,406,8,4938,15,406,9,0,128,17,4,5117,4,17,2,
  381,6,0,64,2320,10,2321,6,0,48,2321,32,0,640,2324,32,0,16,406,8,4938,15,406,9,0,128,17,4,5117,4,17,2,381,6,0,64,2320,11,2321,5,
  0,48,2321,32,0,640,2324,32,0,16,406,2,4939,6,4938,12,406,12,0,128,17,4,5117,4,17,3,381,5,0,64,2320,12,2321,4,0,48,2321,32,0,640,
  2324,32,0,16,406,2,4939,7,4938,11,406,10,460,2,0,128,382,1,17,3,5117,4,17,4,381,3,17,1,0,64,2320,14,2321,2,0,48,2321,32,0,640,
  2324,32,0,16,406,1,4939,8,465,6,406,15,460,2,0,128,382,2,17,2,5117,4,17,8,0,64,2320,15,2321,1,0,48,2321,32,0,640,2324,32,0,16,
  406,1,4939,8,465,6,406,1,0,32,406,3,4929,3,461,10,0,16,461,4,406,12,17,29,1599,3,0,32,382,2,17,14,0,64,2320,96,0,640,2324,32,
  0,16,406,1,4939,7,465,7,406,1,0,32,406,3,461,13,0,16,461,4,406,12,17,4,383,7,17,18,1599,3,0,32,382,1,17,15,0,64,2320,96,
  0,640,2324,32,0,16,406,1,4939,7,465,7,406,1,0,32,1076,1,406,2,461,1,5118,9,461,2,4933,1,0,16,461,2,406,14,17,3,383,9,17,17,
  1599,3,0,32,17,16,0,64,2320,96,0,640,2324,32,0,16,406,1,4939,6,465,8,406,1,0,32,1076,4,5118,9,4933,3,0,16,461,2,406,13,17,4,
  383,10,17,19,0,32,17,16,0,64,2320,96,0,640,2324,32,0,16,406,1,4939,6,465,8,406,1,0,32,1076,4,5118,9,4933,3,0,16,461,2,406,13,
  17,3,383,12,17,18,0,32,17,16,0,64,2320,96,0,640,2324,32,0,16,406,4,465,11,406,1,0,32,1076,4,5118,8,461,1,4933,3,0,16,461,2,
  406,12,17,3,383,14,17,17,0,32,17,16,0,64,2320,96,0,640,2324,32,0,16,406,3,465,12,406,1,0,32,1076,4,5118,8,461,1,4933,3,0,16,
  461,2,406,12,17,2,383,15,17,17,0,32,17,16,0,64,2320,96,0,640,2324,32,0,16,465,15,406,1,0,32,1076,5,5118,6,461,5,0,16,406,14,
  17,1,383,16,17,17,0,32,17,16,0,64,2320,96,0,640,2324,32,0,16,465,15,406,1,0,32,4930,1,1076,5,5118,5,461,2,406,3,0,16,406,14,
  17,1,383,20,17,13,0,32,17,16,0,64,2320,96,0,640,2324,32,0,16,465,15,406,1,0,32,4930,2,1076,5,5118,4,461,2,406,3,0,16,406,13,
  17,2,383,20,17,13,0,32,17,16,0,64,2320,96,0,640,2324,32,0,16,465,15,406,1,0,32,4930,3,1076,4,5118,4,461,1,406,4,0,16,406,13,
  17,2,383,20,17,13,0,32,17,16,0,64,2320,96,0,640,2324,32,0,16,465,14,406,2,0,32,4930,3,1076,4,5118,4,461,1,406,4,0,16,406,12,
  17,3,383,20,17,13,0,32,17,16,0,64,2320,96,0,640,2324,32,0,16,465,13,406,3,0,32,4930,4,1076,3,461,5,406,4,0,16,406,11,17,3,
  383,21,17,13,0,32,17,16,0,64,2320,96,0,640,2324,32,0,16,465,13,406,3,0,32,4930,4,1076,3,461,5,406,4,0,16,406,11,17,2,383,22,
  17,13,0,32,17,16,0,64,2320,96,0,640,2324,32,0,16,465,12,406,4,0,32,4930,4,1076,4,461,4,406,4,0,16,4941,4,406,7,17,2,383,22,
  17,13,0,32,17,16,0,64,2320,96,0,640,2324,32,0,16,465,11,406,5,0,32,4930,4,1076,7,461,3,406,2,0,16,4941,5,406,6,17,2,383,22,
  17,13,0,32,17,16,0,64,2320,96,0,640,2324,16,0,32,465,9,406,7,0,32,4930,4,1076,7,461,3,406,15,4941,9,406,5,17,2,383,19,0,32,
  17,16,0,80,2320,96,0,640,2324,16,0,32,465,9,406,7,0,32,4930,4,1076,6,406,19,4941,10,406,4,17,2,383,19,0,32,17,16,0,80,2320,96,
  0,640,2324,16,0,32,465,9,406,7,0,32,4930,4,1076,6,406,19,4941,11,406,3,17,3,383,18,0,32,17,16,0,80,2320,96,0,640,2324,16,0,32,
  465,9,406,7,0,32,4930,4,1076,6,406,19,4941,12,406,3,17,3,383,17,0,32,17,16,0,80,2320,96,0,640,2324,16,0,32,465,9,406,7,0,32,
  4930,4,1076,6,406,19,4941,12,406,5,17,2,383,16,0,32,458,1,17,15,0,80,2320,96,0,640,2324,16,0,32,405,16,0,32,4930,4,1076,7,406,18,
  4941,12,406,7,17,1,383,15,0,32,458,1,17,3,1704,11,17,1,0,80,2320,96,0,640,2324,16,0,32,405,4,2404,1,405,11,0,32,406,2,1076,9,
  406,13,4940,5,4941,12,406,7,17,3,383,13,0,32,458,1,17,2,1704,13,0,80,2320,96,0,640,2324,16,0,32,405,2,2404,6,405,8,0,32,406,2,
  1076,10,406,11,4940,6,4941,12,469,4,406,3,17,4,383,12,0,32,458,1,17,1,1704,14,0,80,2320,96,0,640,2324,16,0,32,405,2,2404,6,405,8,
  0,32,406,2,1076,14,406,6,4940,6,2537,7,469,11,406,2,17,5,383,11,0,32,458,1,1704,15,0,80,2320,96,0,640,2324,16,0,32,405,2,2404,10,
  405,4,0,32,406,2,1076,17,406,2,4940,6,2537,9,469,10,406,2,17,6,383,8,17,2,0,32,458,1,1704,15,0,80,2320,96,0,640,2324,16,0,32,
  405,2,2404,11,405,3,0,32,406,2,1076,18,406,1,4940,2,469,1,2537,12,469,10,406,2,17,16,0,32,458,2,1704,14,0,80,2320,96,0,640,2324,16,
  0,32,405,2,2404,11,405,3,0,32,405,1,406,2,1076,18,4940,2,469,1,2537,13,469,10,406,1,17,16,0,32,458,2,1704,13,17,1,0,80,2320,96,
  0,640,2324,16,0,32,405,2,2404,11,405,3,0,32,405,1,406,2,1076,18,469,3,2537,13,469,10,406,1,17,12,5782,4,0,32,458,2,1704,6,17,8,
  0,80,2320,96,0,640,2324,16,0,32,405,2,2404,10,405,4,0,32,405,1,406,3,1076,17,469,3,2537,13,469,10,406,1,17,12,5782,4,0,32,458,2,
  17,14,0,80,2320,96,0,640,2324,16,0,32,405,3,2404,9,405,4,0,32,405,1,406,7,1076,13,469,3,2537,7,2538,5,469,11,406,1,17,12,5782,4,
  0,32,17,1,458,1,17,5,1699,9,0,80,2320,96,0,640,2324,16,0,32,405,3,2404,9,405,4,0,32,405,3,406,3,2540,11,1076,4,469,7,2538,8,
  469,11,4709,1,17,12,5782,4,0,32,17,1,458,1,17,1,1699,13,0,80,2320,96,0,624,2324,16,0,80,603,16,405,3,406,3,2540,11,1076,4,2539,2,
  469,5,2538,8,469,9,4709,3,0,48,17,1,458,1,1699,14,0,32,816,7,14,9,0,48,2320,80,0,624,2324,16,0,80,603,16,405,3,406,3,2540,11,
  1076,4,2539,3,469,4,2538,8,469,8,4709,4,0,48,458,2,1699,14,0,32,14,16,0,48,2320,80,0,624,2324,16,0,80,603,16,405,3,406,3,2540,11,
  1076,4,2539,5,469,2,2538,7,469,8,4709,3,4881,2,0,48,458,1,17,1,1699,14,0,32,363,4,14,12,0,48,2320,80,0,624,2324,16,0,80,603,16,
  405,3,406,3,2540,11,406,3,469,1,2539,5,469,2,2538,6,469,8,4709,3,4881,3,0,48,458,1,17,1,1699,14,0,32,363,6,14,10,0,48,2320,80,
  0,624,2324,16,0,80,603,16,405,3,406,3,2540,11,406,3,469,1,2539,6,469,2,2538,4,469,9,4709,3,4881,3,0,48,458,1,17,1,1699,14,0,32,
  363,7,14,9,0,48,2320,80,0,624,2324,16,0,80,603,16,405,3,406,3,2540,11,406,4,2539,7,469,14,4709,2,4881,4,0,48,458,1,17,1,1699,14,
  0,32,363,7,14,9,0,48,2320,80,0,624,2324,16,0,80,603,16,405,3,406,3,2540,11,406,4,2539,7,469,12,4881,8,0,48,458,1,17,2,1699,13,
  0,32,363,8,14,8,0,48,2320,80,0,624,2324,16,0,80,405,1,603,15,405,3,406,3,2540,11,406,4,2539,7,469,12,4881,8,0,48,458,1,17,3,
  1699,12,0,32,363,9,14,7,0,48,2320,80,0,624,2324,16,0,80,405,1,603,15,405,3,406,3,2540,11,406,4,2539,7,469,12,4881,8,0,48,458,1,
  17,4,1699,11,0,32,363,9,14,7,0,48,2320,80,0,624,2324,16,0,80,405,1,603,15,405,3,406,21,2539,5,406,1,469,9,4985,2,4881,7,0,48,
  380,2,17,12,1699,2,0,32,363,9,14,7,0,48,2320,80,0,624,2324,16,0,80,405,1,603,15,405,3,215,15,406,20,4709,1,4985,5,4881,4,0,48,
  380,3,17,12,1699,1,0,32,363,9,14,7,0,48,2320,80,0,624,2324,16,0,80,405,3,603,13,405,3,215,35,4709,2,4985,4,4881,4,0,48,380,3,
  17,13,0,32,363,9,14,7,0,48,2320,80,0,624,2324,16,0,80,405,4,603,12,405,3,215,28,819,6,215,2,4709,2,4985,7,0,48,380,3,17,13,
  0,32,363,9,14,7,0,48,2320,80,0,624,2324,16,0,80,405,7,603,6,405,6,215,28,819,7,215,1,4709,2,4985,7,0,48,380,2,17,14,0,32,
  363,9,14,7,0,48,2320,80,0,624,2324,16,0,80,405,7,603,6,405,6,215,22,819,14,215,1,4709,8,0,48,380,2,17,14,0,32,363,9,14,7,
  0,48,2320,80,0,624,2324,16,0,80,4925,1,405,18,215,22,819,15,215,2,4709,6,0,48,380,2,17,14,0,32,363,10,14,6,0,48,2320,80,0,624,
  2324,16,0,80,4925,1,405,15,215,25,819,16,215,7,4709,5,4985,4,4843,4,4709,3,0,32,380,1,17,15,0,96,2320,80,0,624,2324,16,0,80,4925,1,
  405,15,215,8,4836,4,215,13,819,17,215,6,4709,6,4985,5,4709,5,0,32,17,16,0,96,2320,80,0,624,2324,16,0,80,405,16,215,8,4836,4,215,13,
  819,17,215,6,4709,7,4985,5,4709,4,0,32,17,16,0,96,2320,80,0,624,2324,16,0,80,405,16,215,8,4836,5,215,6,398,3,215,8,819,13,215,5,
  4709,8,4985,6,4709,2,0,32,17,16,0,96,2320,80,0,624,2324,16,0,80,405,16,215,9,4836,4,215,5,398,5,215,9,819,11,215,8,4709,7,4985,4,
  4844,1,4709,1,0,32,17,16,0,96,2320,80,0,624,2324,16,0,80,4797,6,405,10,215,17,398,7,215,9,819,10,215,9,4709,8,4844,4,0,32,17,16,
  0,96,2320,80,0,624,2324,16,0,80,4797,6,405,10,215,17,398,7,215,5,4835,3,215,2,819,9,215,11,4709,6,4844,4,0,32,17,16,0,96,2320,80,
  0,624,2324,16,0,80,4797,12,405,3,215,18,398,7,215,5,4835,3,215,2,820,9,215,11,4709,6,4844,4,0,32,17,16,0,96,2320,80,0,624,2324,16,
  0,80,4797,12,405,2,215,20,398,5,215,6,4835,3,215,1,820,10,215,12,4709,5,4844,4,0,32,17,16,0,96,2320,80,0,624,2324,16,0,80,4797,12,
  405,2,215,21,398,3,215,10,820,11,215,6,225,3,215,3,4709,5,4844,4,0,32,17,16,0,96,2320,80,0,624,2324,16,0,80,4797,12,405,1,215,9,
  1640,6,215,19,820,12,225,9,215,3,4709,5,4844,4,0,32,17,16,0,96,2320,80,0,624,2324,16,0,80,4797,12,405,1,215,9,1640,6,215,18,820,13,
  225,9,215,3,4709,6,4844,3,0,32,17,16,0,96,2320,80,0,624,2324,16,0,80,4797,12,405,1,215,8,1640,7,5345,5,215,4,1639,6,215,2,820,14,
  225,10,215,2,4709,6,4844,3,0,32,17,16,0,96,2320,80,0,624,2324,16,0,80,4797,12,405,1,215,7,1640,8,5345,9,1639,7,820,15,225,10,215,2,
  4709,9,0,32,17,16,0,96,2320,80,0,624,2324,16,0,80,4797,12,405,1,215,7,1640,8,5345,9,1639,7,820,15,225,10,215,2,4709,9,0,32,17,16,
  0,96,2320,80,0,624,2324,16,0,80,4797,12,405,1,215,7,1640,7,5345,10,1639,7,820,15,225,10,215,2,4709,9,0,32,17,9,388,3,17,4,0,96,
  2320,80,0,624,2324,16,0,112,5345,5,1639,7,820,15,225,10,215,2,4709,9,0,48,17,7,392,9,0,80,2320,16,0,688,2324,16,0,112,5345,6,1639,6,
  820,16,225,9,215,2,4709,9,0,48,17,7,392,3,17,5,391,1,0,80,2320,16,0,688,2324,16,0,112,5345,7,1639,4,820,17,225,9,215,2,4709,9,
  0,48,17,15,391,1,0,80,2320,16,0,688,2324,16,0,112,5345,7,820,21,225,9,215,2,4709,9,0,48,17,15,391,1,0,80,2320,16,0,688,2324,16,
  0,112,5345,7,820,21,225,8,215,3,4709,9,0,48,17,15,391,1,0,80,2320,16,0,688,2324,16,0,112,5345,6,820,22,225,7,215,4,4709,9,0,48,
  17,15,391,1,0,80,2320,16,0,688,2324,16,0,112,5345,6,820,22,225,7,215,4,4709,9,0,48,17,16,0,80,2320,16,0,688,2324,16,0,112,5345,5,
  820,23,225,6,215,5,4709,9,0,48,17,16,0,80,2320,16,0,688,2324,16,0,112,5345,1,1641,3,5345,1,820,24,225,4,215,5,4709,10,0,48,17,16,
  0,80,2320,16,0,688,2324,16,0,112,1641,6,820,23,215,9,4709,10,0,48,17,16,0,80,2320,16,0,688,2324,16,0,112,1641,6,820,23,215,9,4709,10,
  0,48,17,16,0,80,2320,16,0,688,2324,16,0,112,1641,6,820,23,215,8,4709,11,0,48,17,16,0,80,2320,16,0,688,2324,16,0,112,1641,6,820,23,
  215,8,4709,11,0,48,17,16,0,80,2320,16,0,688,2324,16,0,112,215,1,1641,3,820,25,215,7,4709,12,0,48,17,16,0,80,2320,16,0,688,2324,16,
  0,112,215,6,820,23,215,6,4709,13,0,48,17,9,4709,7,0,80,2320,16,0,688,2324,16,0,112,215,7,820,21,215,7,4709,13,0,48,17,9,4709,7,
  0,80,2320,16,0,688,2324,16,0,96,215,16,0,32,215,3,4709,13,0,144,2320,16,0,688,2324,16,0,96,215,16,0,32,215,3,4709,13,0,144,2320,16,
  0,688,2324,16,0,96,215,16,0,32,215,3,4709,13,0,144,2320,16,0,688,2324,16,0,96,215,16,0,32,215,3,4709,13,0,144,2320,16,0,688,2324,16,
  0,96,2198,1,215,15,0,32,215,4,4709,12,0,144,2320,16,0,688,2324,16,0,96,2198,2,215,14,0,32,215,7,4709,9,0,144,2320,16,0,688,2324,16,
  0,96,2198,2,215,4,404,3,215,7,0,32,215,8,4709,8,0,144,2320,16,0,688,2324,16,0,96,2198,2,215,1,404,6,215,7,0,32,360,3,215,5,
  4709,8,0,144,2320,16,0,688,2324,16,0,96,2198,2,404,7,215,7,0,32,360,3,215,6,4709,7,0,144,2320,16,0,688,2324,16,0,96,2198,2,404,7,
  215,7,0,32,360,3,215,7,4709,6,0,144,2320,16,0,688,2324,16,0,96,2198,2,404,7,215,7,0,32,360,3,215,8,4709,5,0,144,2319,16,0,688,
  2324,16,0,96,2198,2,404,7,215,7,0,32,360,3,215,9,4709,4,0,144,2319,16,0,688,2324,16,0,96,2198,1,404,8,215,7,0,32,360,3,215,9,
  4709,4,0,144,2319,16,0,688,2324,16,0,96,2198,1,215,5,404,2,215,8,0,32,360,2,215,10,4709,4,0,144,2319,16,0,688,2324,16,0,96,5504,2,
  215,14,0,32,360,2,215,10,4709,4,0,144,2319,16,0,688,2324,16,0,96,5504,3,215,13,0,32,215,12,4709,4,0,144,2319,16,0,688,2324,16,0,32,
  606,11,405,2,602,3,0,48,5504,3,215,13,0,32,215,13,4709,5,4986,4,4850,18,4709,5,4845,3,0,80,2318,48,0,688,2324,16,0,32,606,11,405,2,
  602,3,0,48,5504,3,215,13,0,32,215,13,4852,3,4709,3,4986,2,4850,15,4849,4,4709,5,4845,2,4709,1,0,80,2318,48,0,688,2324,16,0,32,606,11,
  405,2,602,3,0,48,5504,3,215,13,0,32,215,13,4852,7,4850,15,4849,6,4709,5,4845,1,4709,1,0,80,2318,48,0,688,2324,16,0,32,606,11,405,5,
  0,48,5504,3,215,13,0,32,215,13,4852,9,4850,3,4851,2,4850,8,4849,6,4709,7,0,80,2318,48,0,688,2324,16,0,32,606,11,405,5,0,48,5504,3,
  215,13,0,32,215,13,4852,10,4850,1,4851,4,4850,8,4849,4,4709,8,0,80,2318,48,0,688,2324,16,0,32,606,11,405,5,0,48,5504,3,215,3,818,4,
  215,6,0,32,215,13,4852,10,4851,7,4850,7,4849,3,4709,8,0,80,2318,48,0,688,2324,16,0,32,606,10,405,6,0,48,5504,3,215,2,818,6,215,5,
  0,32,215,13,4852,10,4851,8,4850,11,4709,6,0,80,2318,48,0,688,2324,16,0,32,405,1,606,4,405,11,0,48,5504,3,215,2,818,7,215,4,0,32,
  215,12,821,1,4852,10,4851,8,4850,11,4709,6,0,80,2079,1,2318,47,0,688,2324,16,0,32,405,16,0,48,5504,3,215,2,818,7,215,4,0,32,215,9,
  821,4,4852,10,4851,8,4850,12,4709,5,0,80,2079,3,2318,45,0,688,2324,16,0,32,405,13,1114,2,1119,1,0,48,5504,3,215,2,818,7,215,4,0,32,
  215,5,821,9,4852,7,4850,2,4851,8,4850,12,4709,5,0,80,2079,4,2318,44,0,688,2324,16,0,32,1114,15,1119,1,0,48,5504,3,215,3,818,5,215,5,
  0,32,821,14,4852,6,4850,5,4851,4,4850,13,4709,6,0,80,2079,4,2318,44,0,688,2324,16,0,32,1114,16,0,48,5504,3,215,13,0,32,821,14,4709,1,
  4852,2,4709,5,4850,19,4709,7,0,80,2079,5,2318,43,0,688,2324,16,0,32,1114,16,0,48,5504,3,215,13,0,32,821,14,4709,8,4850,18,4709,8,0,80,
  2079,5,2318,43,0,688,2323,16,0,32,1114,16,0,48,5504,3,215,13,0,32,821,14,4709,9,4850,16,4709,9,0,80,2079,7,2318,41,0,688,2323,16,0,32,
  1114,16,0,48,5504,3,215,13,0,32,821,14,4709,9,4850,16,4709,9,0,80,2079,7,2318,41,0,688,2323,16,0,32,1114,16,0,48,5504,3,215,13,0,32,
  821,14,4709,9,4850,16,4709,9,0,80,2079,7,2318,41,0,672,2323,32,0,112,215,16,0,16,821,14,4709,10,4850,14,4709,10,0,96,2318,32,0,672,2323,32,
  0,112,215,16,0,16,821,14,4709,11,4850,3,4709,2,4850,7,4709,10,15,1,0,96,2318,32,0,672,2323,32,0,112,215,8,220,2,215,5,220,1,0,16,
  821,14,4709,12,4850,1,4709,4,4850,4,4709,12,15,1,0,96,2318,32,0,672,2323,32,0,112,215,6,220,6,215,2,220,2,0,16,821,14,4709,33,15,1,
  0,96,2318,32,0,672,2323,32,0,112,215,4,220,12,0,16,358,1,821,5,215,2,358,2,821,4,4709,33,15,1,0,96,2318,32,0,672,2323,32,0,112,
  215,3,220,2,221,4,220,7,0,16,358,11,215,3,4709,33,15,1,0,96,2318,32,0,672,2323,32,0,112,4839,2,220,3,221,4,220,7,0,16,358,12,
  215,1,4709,34,15,1,0,96,2318,32,0,672,2323,32,0,112,4839,2,220,3,221,4,220,7,0,16,358,12,215,1,4709,17,4855,1,4709,16,15,1,0,96,
  2318,32,0,672,2323,32,0,112,4839,2,220,3,221,4,220,7,0,16,358,12,215,1,4709,17,4855,1,4709,17,0,96,2318,32,0,672,2323,32,0,112,4839,2,
  220,14,0,16,358,12,215,1,4709,16,4855,2,4709,17,0,96,2318,32,0,672,2323,32,0,112,4839,2,220,14,0,16,358,12,215,1,4709,16,4855,2,4709,15,
  15,2,0,96,2318,32,0,672,2323,32,0,112,4839,2,220,14,0,16,358,12,4709,16,4855,3,4709,3,4854,6,4709,5,15,3,0,96,2318,32,0,672,2323,32,
  0,112,220,16,0,16,358,11,4709,7,4853,3,4709,7,4855,3,4709,2,4854,8,4709,4,15,3,0,96,2318,32,0,672,2323,32,0,112,4880,2,220,14,0,16,
  358,11,4709,5,4853,6,4709,5,4855,4,4709,1,4854,9,4709,4,15,3,0,96,2318,32,0,672,2323,32,0,112,4880,2,220,13,4878,1,0,16,358,11,4709,5,
  4853,7,4709,4,4855,4,4709,1,4854,9,4709,4,15,3,0,96,2318,32,0,672,2323,32,0,112,220,15,4878,1,0,16,358,11,4709,5,4853,8,4709,2,4855,5,
  4709,1,4854,9,4709,4,15,3,0,96,2318,32,0,672,2323,32,0,64,357,1,5504,34,357,3,215,5,220,5,0,32,358,10,4709,6,0,128,2318,32,0,672,
  2323,32,0,64,357,38,215,6,220,4,0,32,220,3,358,2,215,5,4709,6,0,128,2318,32,0,672,2323,32,0,64,357,39,215,6,220,3,0,32,220,4,
  215,5,4709,7,0,128,2318,32,0,672,2323,32,0,64,357,41,215,4,220,3,0,32,220,4,215,3,4709,9,0,128,2318,32,0,672,2323,32,0,64,357,41,
  215,5,220,2,0,32,220,4,215,2,4709,10,0,128,2318,32,0,672,2323,32,0,64,357,42,215,5,220,1,0,32,220,2,215,3,4709,11,0,128,2318,32,
  0,672,2323,32,0,64,357,43,215,4,220,1,0,32,220,2,215,1,4709,13,0,128,2318,32,0,672,2323,32,0,64,357,44,215,4,0,32,220,1,215,2,
  4709,13,0,128,2318,32,0,672,2323,32,0,64,357,46,215,2,0,32,215,2,4709,14,0,128,2318,32,0,672,2323,32,0,64,357,10,3217,10,357,26,215,2,
  0,32,215,1,4709,15,0,128,2318,32,0,672,2323,32,0,64,357,10,3217,10,357,28,0,32,215,1,4709,15,0,128,2318,32,0,672,2323,32,0,64,357,10,
  3217,10,357,17,1103,11,0,32,4709,16,0,128,2318,32,0,672,2323,32,0,64,357,10,3217,10,357,17,1103,11,0,32,4709,16,0,128,2318,32,0,672,2323,32,
  0,64,357,10,3217,10,357,17,1103,11,0,32,4709,16,0,128,2318,32,0,672,2323,32,0,64,357,10,3217,10,357,17,1103,11,0,32,4709,16,0,128,2318,32,
  0,672,2323,32,0,64,357,10,3217,10,357,17,1103,11,0,32,4709,16,0,128,2318,32,0,672,2323,16,0,64,1119,9,1115,4,357,13,3217,10,357,12,0,64,
  4948,4,4709,23,403,2,15,3,0,96,2318,32,0,672,2323,16,0,64,1119,8,1115,5,357,13,3217,10,357,12,0,64,4709,29,15,3,0,96,2318,32,0,672,
  2323,16,0,64,1119,8,1115,5,357,13,3217,10,357,12,0,64,4709,29,15,3,0,96,2318,32,0,672,2323,16,0,64,1119,8,1115,5,357,13,3217,10,357,12,
  0,64,4709,20,4949,2,4709,7,15,3,0,96,2318,32,0,672,2323,16,0,64,1119,9,1115,4,357,13,3217,10,357,12,0,64,4709,20,4949,2,4709,7,15,3,
  0,96,2318,32,0,672,2323,16,0,64,1119,13,357,13,3217,10,357,12,0,64,4709,9,4857,3,4709,8,4949,2,4856,6,4709,1,15,3,0,96,2318,32,0,672,
  2323,16,0,64,1119,13,357,13,3217,10,357,12,0,64,4709,9,4857,4,4709,8,4856,8,15,3,0,96,2318,32,0,672,2323,16,0,64,1119,13,357,35,0,64,
  4709,9,4857,4,4709,6,4856,10,15,3,0,96,2318,32,0,672,2323,16,0,64,1119,13,357,35,0,64,4709,9,4857,4,4709,6,4856,11,15,2,0,96,2318,32,
  0,672,2323,16,0,64,1119,13,357,35,0,64,4709,9,4857,4,4709,3,4946,3,4856,11,15,2,0,96,2318,32,0,672,2323,16,0,64,1119,12,357,26,1100,10,
  0,64,4709,10,4857,2,4709,3,4946,5,4856,10,15,2,0,96,2318,32,0,672,2323,16,0,64,1119,12,357,26,1100,10,0,64,4709,14,4946,6,4856,10,15,2,
  0,96,2318,32,0,672,2323,16,0,64,1119,12,357,26,1100,10,0,64,4709,14,4946,6,4856,10,510,2,0,96,2318,32,0,672,2323,16,0,64,1119,12,357,26,
  1100,10,0,64,4709,14,4946,10,4856,5,510,3,0,96,2318,32,0,672,2323,16,0,64,1108,4,1136,3,357,31,1100,10,0,64,4709,14,4946,10,4856,1,4709,3,
  510,4,0,96,2318,32,0,672,2323,16,0,64,1108,4,1136,3,357,31,1100,10,0,64,4709,14,4946,10,4709,4,510,2,498,2,0,96,2318,32,0,672,2323,16,
  0,304,2318,32,0,672,2323,16,0,304,2318,32,0,672,2323,16,0,304,2318,32,0,672,2323,16,0,304,2318,32,0,672,2323,16,0,304,2318,32,0,672,2323,16,
  0,304,2318,32,0,672,2323,16,0,304,2318,32,0,672,2323,16,0,304,2318,32,0,672,2323,16,0,304,2318,32,0,672,2323,16,0,304,2318,32,0,672,2323,16,
  0,304,2318,32,0,672,2323,16,0,304,2318,32,0,672,2323,16,0,304,2318,32,0,672,2323,16,0,304,2318,32,0,672,2323,16,0,304,2318,32,0,672,2323,16,
  0,304,2318,32,0,672,2323,16,0,288,2318,16,0,704,2323,16,0,288,2318,16,0,704,2323,16,0,288,2318,16,0,704,2323,16,0,288,2318,16,0,704,2323,16,
  0,288,2318,16,0,704,2323,16,0,288,2318,16,0,704,2323,16,0,288,2318,16,0,704,2323,16,0,288,2318,16,0,704,2323,16,0,288,2318,16,0,704,2323,16,
  0,288,2318,16,0,704,2323,16,0,288,2318,16,0,704,2323,16,0,288,2318,16,0,704,2323,16,0,288,2318,16,0,704,2323,16,0,288,2318,16,0,704,2323,16,
  0,288,2318,16,0,704,2323,16,0,288,2318,16,0,704,2323,16,0,80,1136,5,2522,11,0,32,5706,3,357,13,400,16,0,128,2318,16,0,704,2323,16,0,80,
  1136,5,2522,11,0,32,5706,3,357,13,400,16,0,128,2317,16,0,704,2323,16,0,80,1136,4,2522,12,0,32,5706,3,357,13,400,16,0,128,2317,16,0,704,
  2323,16,0,80,1136,2,2522,14,0,32,5706,3,357,13,400,16,0,128,2317,16,0,704,2323,16,0,80,1136,2,2522,14,0,32,5706,3,357,13,400,16,0,128,
  2317,16,0,704,2323,16,0,80,1136,1,2522,15,0,32,5706,3,357,13,400,16,0,128,2317,16,0,704,2323,16,0,80,1106,1,2522,15,0,32,5706,3,357,13,
  400,16,0,128,2317,16,0,704,2323,16,0,80,1106,1,2522,15,0,32,5706,3,357,13,400,16,0,128,2317,16,0,704,2323,16,0,80,1106,1,2522,15,0,32,
  5706,3,357,13,400,16,0,128,2317,16,0,704,2323,16,0,80,1106,1,2522,15,0,32,5706,3,357,13,400,16,0,128,2317,16,0,704,2323,16,0,80,1106,1,
  2522,15,0,32,5706,3,357,13,400,16,0,128,2317,16,0,704,2323,16,0,80,1106,1,2522,15,0,32,5706,3,357,13,400,16,0,128,2317,16,0,704,2323,16,
  0,80,1106,1,2522,15,0,32,5706,3,357,13,400,16,0,128,2317,16,0,704,2323,16,0,80,1106,1,2522,15,0,32,5706,3,357,13,400,16,0,128,2317,16,
  0,704,2323,16,0,80,1106,1,2522,15,0,32,5706,3,357,13,400,16,0,128,2317,16,0,704,2323,16,0,80,1106,1,2522,15,0,32,5706,3,357,13,400,16,
  0,128,2317,16,0,704,2323,21,1121,11,0,64,1106,1,2522,15,0,32,1377,16,0,64,5589,16,0,64,2317,16,0,704,2323,22,1121,10,0,64,1106,1,2522,15,
  0,32,1377,16,0,64,5589,16,0,64,2317,16,0,704,2323,22,1121,10,0,64,1136,1,2522,15,0,32,1377,16,0,64,440,12,400,4,0,64,2317,16,0,704,
  2323,22,1121,10,0,64,1136,15,357,1,0,32,1377,16,0,64,978,2,440,11,400,3,0,64,2317,16,0,704,2323,22,1121,10,0,64,357,16,0,32,1377,16,
  0,64,978,4,440,10,400,2,0,64,2317,16,0,704,2323,22,1121,10,0,64,1377,16,0,32,1377,16,0,64,978,9,440,6,400,1,0,64,2317,16,0,704,
  2323,22,1121,10,0,64,1377,16,0,32,1377,16,0,64,978,11,440,5,0,64,2317,16,0,704,2323,21,1121,11,0,64,2740,1,1377,15,0,32,1377,16,0,64,
  978,13,440,3,0,64,2317,16,0,704,2323,21,1121,11,0,64,2740,4,2742,12,0,32,1377,16,0,64,978,13,440,3,0,64,2317,16,0,704,2323,21,1121,11,
  0,64,2740,4,2742,12,0,32,1377,16,0,64,978,13,440,3,0,64,2317,16,0,704,2323,22,1121,10,0,64,2740,3,2742,13,0,32,1377,14,490,2,0,64,
  978,13,440,3,0,64,2317,16,0,704,2323,22,1121,10,0,64,2740,3,2742,13,0,32,1377,8,3077,3,1377,3,490,2,0,64,978,13,440,3,0,64,2317,16,
  0,704,2323,22,1121,10,0,64,2740,2,2742,14,0,32,1377,5,3077,6,1377,3,490,2,0,64,978,13,440,3,0,64,2317,16,0,704,2323,22,1121,10,0,64,
  2740,1,2742,15,0,32,1377,5,3077,7,1377,1,490,3,0,64,978,13,440,3,0,64,2317,16,0,704,2323,23,1121,9,0,64,2742,16,0,32,1377,5,3077,7,
  1377,1,490,3,0,64,978,13,440,3,0,64,2317,16,0,704,2323,23,1121,9,0,64,2742,16,0,32,1377,5,3077,7,1377,1,490,3,0,64,978,13,440,3,
  0,64,2317,16,0,704,2323,23,1121,9,0,48,1377,9,2740,7,2742,26,1377,12,3426,9,1377,6,3077,7,1377,1,490,3,0,48,490,7,978,22,440,3,0,64,
  2317,32,0,688,2323,23,1121,9,0,48,1377,10,2740,3,1377,3,2742,27,1377,11,3426,9,1377,7,3077,6,1377,1,490,3,0,48,490,7,440,1,978,21,440,3,
  0,64,2317,32,0,688,2323,23,1121,9,0,48,1377,16,2742,27,1377,12,3426,8,1377,7,3077,6,1377,1,490,3,0,48,490,7,440,2,978,20,440,3,0,64,
  2317,32,0,688,2323,23,1121,9,0,48,1377,16,2742,27,1377,13,3426,7,1377,14,490,2,4884,1,0,48,490,9,440,2,978,18,440,3,0,64,2317,32,0,688,
  2323,23,1121,9,0,48,1377,16,2742,27,1377,14,3426,6,1377,13,490,3,4884,1,0,48,490,10,440,2,978,16,440,4,0,64,2317,32,0,688,2323,23,1121,9,
  0,48,1377,17,2742,26,1377,14,3426,6,1377,9,490,7,4884,1,0,48,490,10,440,4,978,14,440,4,0,64,2317,32,0,688,2323,23,1121,9,0,48,1377,17,
  3098,1,2742,24,1377,16,3426,5,1377,8,490,8,4884,1,0,48,490,12,440,2,978,14,440,4,0,64,2317,32,0,688,2323,23,1121,9,0,48,1377,14,3098,5,
  2742,23,1377,18,3426,3,1377,8,490,8,4884,1,0,48,490,12,440,3,978,12,440,5,0,64,2317,32,0,688,2323,23,1121,9,0,48,1377,13,3098,7,2742,20,
  3425,2,1377,29,490,7,4884,2,0,48,4885,4,490,8,440,5,978,10,440,5,0,64,2317,32,0,688,2323,23,1121,9,0,48,1377,12,3098,7,1377,2,2742,17,
  3425,5,1377,28,490,6,4884,3,0,48,4885,4,1943,7,490,1,440,7,978,8,440,5,0,64,2317,32,0,688,2323,23,1121,9,0,48,1377,11,3098,8,1377,3,
  2742,15,3425,7,1377,27,490,5,4884,4,0,48,4885,4,1943,8,979,7,440,1,978,7,440,5,0,64,2317,32,0,688,2323,24,1121,8,0,48,1377,11,3098,7,
  1377,6,2742,13,3425,8,1377,25,490,6,4884,4,0,48,4885,4,1943,8,979,8,978,7,440,1,979,4,0,64,2317,32,0,688,2323,24,1121,8,0,48,1377,11,
  3098,6,1377,11,2742,8,3425,11,1377,23,490,6,4884,4,0,48,4885,4,1943,9,979,7,978,7,979,5,0,64,2317,32,0,688,2323,24,1121,8,0,48,1377,12,
  3098,4,1377,20,3425,8,1377,26,490,6,4884,4,0,48,4885,4,1943,9,979,8,978,5,979,6,0,64,2317,32,0,688,2323,24,1121,8,0,48,1377,13,3098,2,
  1377,11,2739,4,1377,6,3425,8,1377,26,490,6,4884,4,0,48,4885,5,1943,8,979,9,978,3,979,7,0,64,2317,32,0,688,2323,25,1121,7,0,48,1377,25,
  2739,6,1377,5,3425,2,3097,6,1377,9,2738,3,1377,12,490,7,4884,5,0,48,4885,5,1943,8,979,19,0,64,2317,32,0,688,2323,25,1121,39,0,16,1377,6,
  2743,12,1377,7,2739,7,1377,6,3097,7,1377,7,2738,6,1377,6,0,96,979,5,440,11,0,48,2317,32,0,688,2323,25,1121,39,0,16,1377,6,2743,13,1377,5,
  2739,9,1377,4,3097,9,1377,4,2738,9,1377,5,0,96,979,5,440,11,0,48,2317,32,0,688,2323,25,1121,39,0,16,1377,6,2743,14,1377,4,2739,9,1377,4,
  3097,10,1377,1,2738,12,1377,4,0,96,979,5,440,11,0,48,2317,32,0,688,2323,25,1121,39,0,16,1377,6,2743,15,1377,4,2739,7,1377,5,3097,10,1377,1,
  2738,13,1377,3,0,96,979,5,440,8,976,3,0,48,2317,32,0,688,2323,25,1121,39,0,16,1377,6,2743,16,1377,4,2739,5,1377,6,3097,10,2738,14,1377,3,
  0,96,979,4,440,9,976,3,0,48,2317,32,0,688,2323,64,0,16,1377,6,2743,17,1377,4,2739,3,1377,7,3097,10,2738,14,1377,3,0,96,979,3,440,9,
  976,4,0,48,2317,32,0,688,2323,64,0,16,1377,6,2743,17,1377,13,3257,2,3097,9,2738,14,1377,3,0,96,979,2,440,10,976,4,0,48,2317,32,0,688,
  2323,64,0,16,1377,6,2743,18,1377,12,3257,4,3097,6,1377,1,2738,14,1377,3,0,96,979,1,440,11,976,4,0,48,2317,32,0,688,2323,63,1108,1,0,16,
  1377,6,2743,18,1377,11,3257,5,1377,3,3097,2,1377,2,2738,14,1377,3,0,96,979,1,440,11,976,4,0,48,2317,32,0,688,2323,62,1108,2,0,16,1377,6,
  2743,18,1377,11,3257,5,1377,7,2738,14,1377,3,0,96,979,1,440,12,976,3,0,48,2317,32,0,688,2323,62,1108,2,0,16,1377,6,2743,18,1377,11,3257,5,
  1377,7,2738,14,1377,3,0,96,979,1,440,14,976,1,0,48,2317,32,0,688,2323,61,1108,3,0,16,1377,6,2743,18,1377,12,3257,3,1377,8,2738,14,1377,3,
  0,96,979,1,440,15,0,48,2317,32,0,688,2323,60,1108,4,0,16,1377,6,2743,18,1377,13,3257,1,1377,9,2738,14,1377,3,0,96,979,1,440,15,0,48,
  2317,32,0,688,2323,60,1108,4,0,16,1377,6,2743,18,1377,23,2738,14,1377,3,0,96,979,1,440,15,0,48,2317,32,0,688,2323,59,1108,5,0,16,1377,6,
  2743,17,1377,25,2738,13,1377,3,0,96,979,1,440,15,0,48,2317,32,0,688,2323,59,1108,5,0,16,1377,6,2743,17,1377,21,2744,14,1377,6,0,96,1939,12,
  440,4,0,48,2317,32,0,720,2323,16,0,32,1377,6,2743,17,1377,20,2744,5,0,16,1377,2,543,24,490,17,4882,5,0,32,982,5,1939,25,440,2,0,64,
  2317,16,0,720,2323,16,0,32,1377,6,2743,17,1377,19,2744,6,0,16,1377,2,543,18,539,6,490,17,4882,5,0,32,982,5,1939,25,440,2,0,64,2317,16,
  0,720,2323,16,0,32,1377,6,2743,16,1377,20,2744,6,0,16,1377,6,490,6,539,14,490,17,4882,5,0,32,982,5,1939,26,440,1,0,64,2317,16,0,720,
  2323,16,0,32,1377,6,2743,16,1377,19,2744,7,0,16,1377,6,490,6,539,15,490,21,0,32,982,5,1939,26,440,1,0,64,2317,16,0,720,2323,16,0,32,
  1377,5,2743,16,1377,20,2744,7,0,16,1377,6,490,6,539,17,490,19,0,32,982,5,1939,27,0,64,2317,16,0,720,2323,16,0,32,1377,40,2744,8,0,16,
  1377,6,490,6,539,18,490,18,0,32,982,5,1939,27,0,64,2317,16,0,720,2323,16,0,32,1377,39,2744,9,0,16,1377,7,490,5,539,19,490,17,0,32,
  982,5,1939,27,0,64,2317,16,0,720,2323,16,0,32,1377,38,2744,10,0,16,1377,7,490,5,539,19,490,17,0,32,982,5,1939,27,0,64,2317,16,0,720,
  2323,16,0,32,1377,38,2744,10,0,16,1377,7,490,8,539,17,490,7,540,3,490,6,0,32,982,5,1939,27,0,64,2317,16,0,720,2323,16,0,32,1377,38,
  2744,10,0,16,1377,8,490,7,539,18,490,5,540,6,490,4,0,32,982,5,1939,27,0,64,2317,16,0,720,2323,16,0,32,1377,38,2744,10,0,16,1377,8,
  490,7,539,19,490,3,540,7,490,4,0,32,982,5,1939,27,0,64,2317,16,0,720,2323,16,0,32,1377,5,3099,4,1377,29,2744,10,0,16,1377,12,490,3,
  539,20,490,1,540,9,490,3,0,32,982,5,1939,27,0,64,2317,16,0,720,2323,16,0,32,1377,5,3099,5,1377,28,2744,10,0,16,1377,13,490,2,539,20,
  540,10,490,3,0,32,982,5,1939,27,0,64,2317,16,0,720,2323,16,0,32,1377,5,3099,5,1377,28,2744,10,0,16,1377,13,490,2,539,20,540,11,490,2,
  0,32,982,5,1939,26,1938,1,0,64,2317,16,0,720,2323,16,0,32,1377,5,3099,5,1377,28,2744,10,0,16,1377,13,490,2,539,19,540,13,490,1,0,32,
  982,5,1939,26,1938,1,0,64,2317,16,0,720,2323,16,0,32,1377,16,2737,4,1377,9,3427,3,1377,6,2744,10,0,16,1377,13,490,4,539,17,540,13,490,1,
  0,32,982,6,1939,25,1938,1,0,64,2317,16,0,720,2323,16,0,16,1377,30,2741,3,2737,4,1377,8,3427,3,0,32,1377,13,490,8,539,13,540,13,490,7,
  1942,8,490,6,982,12,0,16,1939,15,1938,13,440,2,985,13,2300,5,0,32,2317,16,0,720,2323,16,0,16,1377,29,2737,1,2741,4,2737,4,1377,7,3427,3,
  0,32,5034,8,1377,6,490,8,539,12,540,13,490,7,1942,8,490,5,982,13,0,16,1939,15,1938,12,440,4,985,10,2300,7,0,32,2317,16,0,720,2323,16,
  0,16,1377,28,2737,2,2741,4,2737,5,1377,6,3427,3,0,32,5034,9,1377,5,490,9,539,11,540,13,490,7,1942,8,490,5,982,13,0,16,1939,15,1938,12,
  440,5,985,8,2300,8,0,32,2317,16,0,720,2323,16,0,16,5695,27,2737,3,2741,3,2737,7,5695,8,0,32,5034,9,1377,7,490,7,539,11,540,13,490,7,
  1942,7,490,6,982,13,0,16,1939,15,1938,11,440,10,985,1,2300,11,0,32,2317,16,0,720,2323,16,0,16,5695,27,2737,13,5695,8,0,32,5034,10,1377,6,
  490,7,539,11,540,13,490,8,1942,6,490,5,982,14,0,16,1939,14,440,2,1938,9,440,12,2300,11,0,32,2317,16,0,720,2323,16,0,16,5695,27,2737,13,
  5695,8,0,32,5034,1,5685,5,5034,5,1377,5,490,8,539,10,540,13,490,8,1942,6,490,4,440,1,982,14,0,16,1939,14,440,3,1938,7,440,13,2300,11,
  0,32,2317,16,0,720,2323,16,0,16,5695,48,0,32,5685,10,5034,2,1377,4,490,8,539,10,540,13,490,8,1942,3,490,6,440,2,982,14,0,16,1939,13,
  440,24,2300,11,0,32,2317,16,0,720,2323,16,0,16,5695,48,0,32,5685,10,5034,4,1377,2,490,9,539,9,540,13,490,15,440,4,982,14,0,16,1939,1,
  5063,3,1939,8,440,25,2300,11,0,32,2317,16,0,720,2323,16,0,16,5695,48,0,32,5685,10,5034,4,1377,2,490,13,539,5,540,13,490,14,440,5,982,14,
  0,16,983,1,5063,3,440,35,2300,9,0,32,2317,16,0,720,2323,16,0,16,5695,48,0,32,5034,14,1377,2,490,18,540,13,490,12,440,11,982,10,0,16,
  983,1,5063,3,440,36,2300,8,0,32,2317,16,0,720,2323,16,0,16,5695,48,0,32,5646,15,1377,1,490,18,540,13,490,11,440,22,0,16,983,1,5063,3,
  440,37,2300,6,1940,1,0,32,2317,16,0,720,2323,16,0,16,5695,48,0,32,5646,16,5034,16,490,16,440,32,0,16,983,2,440,40,1940,6,0,32,2317,16,
  0,720,2323,16,0,16,5695,48,0,32,5646,17,5034,15,490,16,440,32,0,16,983,2,440,39,1940,7,0,32,2317,16,0,720,2323,16,0,16,5695,48,0,32,
  5646,19,5034,13,490,16,440,32,0,16,983,2,440,39,1940,7,0,32,2317,16,0,720,2323,16,0,16,5695,48,0,32,5674,3,5646,16,5034,13,490,16,5034,5,
  440,27,0,16,983,2,440,38,1940,8,0,32,2317,16,0,720,2323,16,0,16,5695,48,0,32,5674,6,5646,19,5034,7,490,16,5034,5,440,27,0,16,983,2,
  984,6,440,32,1940,8,0,32,2317,16,0,720,2323,16,0,48,5695,16,0,80,5034,5,440,31,983,13,984,8,440,23,0,48,2317,16,0,720,2323,16,0,48,
  5695,16,0,80,5034,4,440,33,983,12,984,8,440,23,0,48,2317,16,0,720,2323,16,0,48,5695,16,0,80,5034,4,440,33,983,12,984,9,440,10,981,4,
  5062,4,440,4,0,48,2317,16,0,720,2323,16,0,48,5695,16,0,80,5034,5,440,32,983,11,984,11,440,8,981,5,5062,4,981,4,0,48,2317,16,0,720,
  2323,16,0,48,5695,16,0,80,5034,5,440,32,983,10,984,13,440,7,981,5,5062,4,981,4,0,48,2317,16,0,720,2323,16,0,48,5695,16,0,80,5034,6,
  440,8,980,7,440,16,983,10,984,13,440,7,981,5,5062,4,981,4,0,48,2317,16,0,720,2323,16,0,48,5695,16,0,80,5034,6,440,5,980,11,440,15,
  983,9,984,15,440,5,981,14,0,48,2317,16,0,720,2323,16,0,48,5695,16,0,80,5034,8,440,3,980,12,440,15,992,7,984,16,440,4,981,15,0,48,
  2317,16,0,720,2323,16,0,48,5695,16,0,80,5034,8,440,3,980,13,440,14,992,8,984,15,440,3,981,16,0,48,2317,16,0,720,2323,16,0,48,5695,16,
  0,80,5455,2,5420,7,440,2,980,13,440,14,992,9,984,14,440,1,981,18,0,48,2317,16,0,720,2323,16,0,48,5695,16,0,80,5455,2,5420,8,440,1,
  980,13,440,14,992,10,984,13,981,19,0,48,2317,16,0,720,2323,16,0,48,5695,16,0,80,5455,2,5420,8,440,1,980,13,440,14,992,10,984,12,981,20,
  0,48,2317,16,0,720,2323,16,0,48,5695,16,0,80,5455,2,5420,8,440,1,980,12,440,15,992,10,984,12,981,20,0,48,2317,16,0,720,2323,16,0,48,
  5695,16,0,80,5455,2,5420,8,440,1,980,12,440,15,992,11,984,11,981,20,0,48,2317,16,0,720,2323,16,0,48,5695,16,0,80,5420,10,440,1,980,9,
  440,18,992,11,984,11,981,20,0,48,2317,16,0,720,2323,16,0,48,5695,16,0,80,5034,9,5420,1,440,1,980,8,440,19,992,11,984,11,981,20,0,48,
  2317,16,0,720,2477,16,0,16,5695,32,0,96,5423,4,5034,6,440,1,980,8,440,19,992,11,984,11,981,20,0,32,2317,32,0,720,2477,16,0,16,5695,32,
  0,96,5423,4,5034,6,440,1,980,8,440,19,992,11,440,9,981,22,0,32,2317,32,0,720,2477,16,0,16,5695,32,0,96,5423,4,5034,6,440,2,980,6,
  440,14,990,5,440,1,992,11,440,9,981,22,0,32,2317,32,0,720,2477,16,0,16,5695,32,0,96,5423,4,5034,5,440,4,980,3,440,15,990,7,992,11,
  440,9,981,22,0,32,2317,32,0,720,2477,16,0,16,5695,32,0,96,5423,4,5034,6,440,19,990,9,992,11,440,9,981,22,0,32,2317,32,0,720,2477,16,
  0,16,5695,32,0,96,5423,4,5034,6,440,18,990,10,992,11,440,9,981,22,0,32,2317,32,0,720,2477,16,0,16,5695,32,0,96,5423,4,5034,6,440,17,
  990,11,992,12,440,9,981,21,0,32,2317,32,0,720,2477,16,0,16,5695,32,0,96,5423,4,5034,6,440,16,990,12,992,12,440,10,981,20,0,32,2317,32,
  0,720,2477,16,0,16,5695,32,0,96,5423,4,5034,6,440,16,990,12,992,12,440,11,981,19,0,32,2317,32,0,720,2477,16,0,16,5695,32,0,96,5423,4,
  5034,6,440,16,990,12,992,12,440,11,981,19,0,32,2317,32,0,720,2477,16,0,16,5695,32,0,96,5423,4,5034,6,440,15,990,13,992,12,440,11,981,19,
  0,32,2317,32,0,720,2477,16,0,16,5695,32,0,96,5423,4,5034,6,440,14,990,1,5388,2,990,11,992,12,440,13,981,16,440,1,0,32,2317,32,0,720,
  2477,16,0,16,5695,32,0,96,5034,11,440,13,990,1,5388,2,990,11,992,12,440,14,981,14,440,2,0,32,2317,32,0,720,2477,16,0,16,5695,32,0,96,
  5034,12,440,12,990,1,5388,2,990,12,992,11,440,14,981,12,440,3,987,1,0,32,2317,32,0,720,2477,16,0,16,5695,32,0,96,5034,14,440,10,990,22,
  440,18,981,11,440,3,987,2,0,32,2317,32,0,720,2477,16,0,16,5695,32,0,96,5034,16,440,8,990,22,440,18,981,9,440,5,987,2,0,32,2317,32,
  0,720,2477,16,0,32,5695,40,5034,18,5465,15,5690,3,5715,3,5498,1,0,48,440,16,0,80,2317,16,0,736,2477,16,0,32,5695,38,5034,20,5465,15,5034,2,
  5715,4,5498,1,0,48,5034,2,440,14,0,80,2317,16,0,736,2477,16,0,32,5695,38,5034,20,5465,15,5034,2,5715,4,5498,1,0,48,5034,5,440,11,0,80,
  2317,16,0,736,2477,16,0,32,5695,38,5034,20,5465,15,5034,2,5715,4,5498,1,0,48,5034,8,440,8,0,80,2317,16,0,736,2477,16,0,32,5695,37,5034,21,
  5465,15,5034,3,5715,3,5498,1,0,48,5689,6,5034,10,0,80,2317,16,0,736,2477,16,0,32,5695,37,5034,21,5465,15,5034,3,5715,4,0,48,5689,6,5034,10,
  0,80,2317,16,0,736,2477,16,0,32,5695,37,5034,21,5465,15,5034,3,5715,4,0,48,5689,6,5034,10,0,80,2317,16,0,736,2477,16,0,32,5695,36,5034,22,
  5465,15,5034,2,5715,5,0,48,5689,6,5034,10,0,80,2317,16,0,736,2477,16,0,32,5695,36,5034,22,5465,15,5034,2,5715,5,0,48,5689,6,5694,8,5612,2,
  0,80,2317,16,0,736,2477,16,0,32,5695,36,5034,22,5465,15,5034,2,5715,5,0,48,5689,6,5694,8,5612,2,0,80,2317,16,0,736,2477,16,0,32,5695,34,
  5034,24,5465,15,5034,2,5715,5,0,48,5689,6,5694,8,5612,2,0,80,2317,16,0,736,2477,16,0,32,5695,34,5034,24,5465,15,5034,7,0,48,5689,6,5694,8,
  5612,2,0,80,2317,16,0,736,2477,16,0,32,5695,34,5034,46,0,48,5732,3,5613,11,5612,2,0,80,2317,16,0,736,2477,16,0,32,5695,33,5034,47,0,48,
  5732,3,5613,1,5034,1,5613,9,5612,2,0,80,2317,16,0,736,2477,16,0,32,5695,33,5034,47,0,48,5732,3,5613,11,5612,2,0,80,2317,16,0,736,2477,16,
  0,32,5695,32,5034,48,0,48,5732,3,5613,11,5612,2,0,80,2317,16,0,736,2477,16,5695,16,0,48,5034,48,0,32,5034,4,5732,12,0,80,2317,32,0,736,
  2477,16,5695,16,0,48,5034,48,0,32,5034,4,5732,12,0,80,2317,32,0,736,2477,16,5695,16,0,48,5602,9,5034,28,5597,11,0,32,5034,4,5732,12,0,80,
  2317,32,0,736,2477,16,5695,16,0,48,5602,9,5034,27,5597,12,0,32,5034,4,5732,12,0,80,2317,32,0,736,2477,16,5695,16,0,48,5602,9,5034,26,5597,13,
  0,32,5034,4,5732,12,0,80,2317,32,0,736,2477,16,5695,16,0,48,5602,9,5034,26,5597,13,0,32,5034,4,5732,12,0,80,2317,32,0,736,2477,16,5695,16,
  0,48,5602,9,5034,25,5597,14,0,32,5034,6,5732,10,0,80,2317,32,0,736,2477,16,5695,16,0,48,5602,9,5034,25,5597,14,0,32,5034,6,5508,6,5034,4,
  0,80,2317,32,0,736,2477,16,5695,16,0,48,5602,9,5034,24,5597,15,0,32,5034,6,5508,6,5034,4,0,80,2317,32,0,736,2477,16,5695,16,0,48,5602,9,
  5034,23,5597,16,0,32,5034,6,5508,6,5034,4,0,80,2317,32,0,736,2477,16,5695,16,0,48,5602,9,5606,19,5034,4,5597,16,0,32,5034,6,5508,6,5034,4,
  0,80,2317,32,0,736,2477,16,5695,16,0,48,5602,9,5606,19,5034,4,5597,16,0,32,5034,6,5508,6,5034,4,0,80,2317,32,0,736,2477,16,5695,16,0,48,
  5602,9,5606,19,5034,4,5597,16,0,32,5034,6,5508,6,5034,4,0,80,2317,32,0,736,2477,16,5695,16,0,48,5602,9,5606,19,5034,5,5597,15,0,32,5034,16,
  0,80,2317,32,0,736,2477,16,5695,16,0,48,5602,9,5606,19,5034,5,5597,15,0,32,5034,16,0,80,2317,32,0,736,2477,16,5695,16,0,48,5602,9,5606,19,
  5034,8,5597,12,0,32,5034,13,5696,3,0,80,2317,32,0,736,2477,16,5695,32,0,80,5679,10,5665,6,0,80,2317,64,0,736,2477,16,5695,32,0,80,5679,10,
  5665,6,0,80,2317,64,0,736,2477,16,5695,32,0,80,5679,10,5665,6,0,80,2317,64,0,736,2477,16,5695,32,0,80,5679,10,5665,6,0,80,2317,64,0,736,
  2477,16,5695,32,0,80,5679,10,5665,6,0,80,2317,64,0,736,2477,16,5695,32,0,80,5679,10,5665,6,0,80,2317,64,0,736,2477,16,5695,32,0,80,5679,10,
  5665,6,0,80,2317,64,0,736,2477,16,5695,32,0,80,5679,2,5663,6,5679,2,5665,6,0,80,2317,64,0,736,2477,16,5695,32,0,80,5679,2,5663,6,5679,2,
  5665,6,0,80,2317,64,0,736,2477,16,5695,32,0,80,5679,2,5663,6,5688,7,5665,1,0,80,2317,64,0,736,2477,16,5695,32,0,80,5034,2,5663,6,5688,7,
  5034,1,0,80,2317,64,0,736,2477,16,5695,32,0,80,5034,2,5663,6,5688,7,5034,1,0,80,2317,64,0,736,2477,16,5695,32,0,80,5034,2,5663,6,5688,7,
  5034,1,0,80,2317,64,0,736,2477,16,5695,32,0,80,5034,2,5663,6,5688,7,5034,1,0,80,2317,64,0,736,2477,16,5695,32,0,80,5034,2,5663,6,5688,7,
  5034,1,0,80,2317,64,0,736,2477,16,5695,32,0,80,5663,8,5688,7,5034,1,0,80,2317,64,0,736,2477,32,5695,16,0,144,5034,11,2317,85,0,736,2477,32,
  5695,16,0,144,5034,11,2317,85,0,736,2477,32,5695,16,0,144,5034,11,2317,85,0,736,2477,32,5695,16,0,144,5034,11,2317,85,0,736,2477,32,5695,16,0,144,
  5034,11,2317,85,0,736,2477,32,5695,16,0,144,5034,11,2317,85,0,736,2477,32,5695,16,0,144,5034,11,2317,85,0,736,2477,32,5695,16,0,144,5034,11,2317,85,
  0,736,2477,32,5695,16,0,144,5034,11,2317,85,0,736,2477,32,5695,16,0,144,5034,11,2317,85,0,736,2477,32,5695,16,0,144,5034,11,2317,85,0,736,2477,32,
  5695,16,0,144,5034,11,2317,85,0,736,2477,32,5695,16,0,144,5034,11,2317,85,0,736,2477,32,5695,16,0,144,5034,11,2317,85,0,736,2477,32,5695,16,0,144,
  5034,11,2317,85,0,736,2477,32,5695,16,0,144,5034,11,2317,85,0,736,2477,32,5695,20,5034,44,0,96,5034,11,2317,85,0,736,2477,32,5695,20,5034,44,0,96,
  5034,11,2317,85,0,736,2477,32,5695,20,5034,44,0,96,5034,11,2317,85,0,736,2477,32,5695,20,5034,44,0,96,5034,11,2317,85,0,736,2477,32,5695,20,5034,44,
  0,96,5034,11,2317,85,0,736,2477,32,5695,20,5034,44,0,96,5034,11,2317,85,0,736,2477,32,5695,20,5034,44,0,96,5034,11,2317,85,0,736,2477,32,5695,20,
  5034,44,0,96,5034,11,2317,85,0,736,2477,32,5695,20,5034,44,0,96,5034,11,2317,85,0,736,2477,32,5695,20,5034,44,0,96,5034,11,2317,85,0,736,2477,32,
  5695,20,5034,44,0,96,5034,11,2317,85,0,736,2477,32,5695,20,5034,44,0,96,5034,11,2317,85,0,736,2477,32,5695,20,5034,44,0,96,5034,11,2317,85,0,736,
  2477,32,5695,20,5034,44,0,96,5034,11,2317,85,0,736,2477,32,5695,20,5034,44,0,96,5034,11,2317,85,0,736,2477,32,5695,20,5034,44,0,96,5034,11,2317,85,
  0,736,2477,32,5695,20,5034,151,2317,85,0,736,2477,32,5695,20,5034,151,2317,85,0,736,2477,32,5695,20,5034,151,2317,85,0,736,2477,32,5695,20,5034,151,2317,85,
  0,736,2477,32,5695,20,5034,151,2317,85,0,736,2477,32,5695,20,5034,151,2317,85,0,736,2477,32,5695,20,5034,151,2317,85,0,736,2477,32,5695,20,5034,151,2317,85,
  0,736,2477,32,5695,20,5034,151,2317,85,0,736,2477,32,5695,20,5034,151,2317,85,0,736,2477,32,5695,20,5034,151,2317,85,0,736,2477,32,5695,20,5034,151,2317,85,
  0,736,2477,32,5695,20,5034,151,2317,85,0,736,2477,32,5695,20,5034,151,2317,85,0,736,2477,32,5695,20,5034,151,2317,85,0,736,2477,32,5695,20,5034,151,2317,85,
  0,131408,
}

addon:RegisterGrid("Kalimdor", {
    name = "Kalimdor",
    size = 1024,
    rleData = rleData,
})
