-- Auto-generated area grid for Azeroth
-- Grid is 1024x1024, RLE encoded as {area_id, count, ...}
-- Generated by zone-map Rust tool

local _, addon = ...

-- 335 unique area IDs found
-- RLE data: {area_id, count, area_id, count, ...}
local rleData = {
  0,328240,214,16,0,1008,214,16,0,1008,214,16,0,1008,214,16,0,1008,214,16,0,1008,214,16,0,1008,214,16,0,1008,214,16,0,1008,214,16,0,1008,214,16,
  0,1008,214,16,0,1008,214,16,0,1008,214,16,0,1008,214,16,0,1008,214,16,0,1008,214,16,0,1008,214,16,0,1008,214,16,0,1008,214,16,0,1008,214,16,
  0,1008,214,16,0,1008,214,16,0,1008,214,16,0,1008,214,16,0,1008,214,16,0,1008,214,16,0,1008,214,16,0,1008,214,16,0,1008,214,16,0,1008,214,16,
  0,1008,214,16,0,1008,214,16,0,848,214,176,0,32,16057,4,15968,1,16043,6,15968,14,16351,4,15968,5,16536,7,16051,7,0,768,214,176,0,32,16057,4,15968,1,
  16043,5,15968,15,16351,4,15968,5,16536,7,16051,7,0,768,214,176,0,32,16057,4,15968,21,16351,5,15968,4,16536,7,16051,7,0,768,214,176,0,32,16057,4,15968,21,
  16351,5,15968,18,0,768,214,176,0,32,16057,4,15968,21,16351,5,15968,18,0,768,214,176,0,32,16057,4,15968,21,16351,4,15968,19,0,768,214,176,0,32,16057,4,
  15968,7,16055,3,15968,10,16351,4,15968,20,0,768,214,176,0,32,16057,1,15968,10,16055,3,15968,10,16351,4,15968,20,0,768,214,176,0,32,16057,1,15968,7,16055,6,
  15968,10,16351,4,15968,20,0,768,214,176,0,32,16057,1,15968,6,16055,7,16056,13,16351,1,15968,20,0,768,214,176,0,32,15968,6,16055,8,16056,14,15968,20,0,768,
  214,176,0,32,15968,5,16055,9,16056,14,15968,20,0,768,214,176,0,32,15968,4,16055,10,16056,15,15968,19,0,768,214,176,0,32,15968,4,16055,10,16056,15,15968,19,
  0,768,214,176,0,32,15968,3,16055,11,16056,15,15968,19,0,768,214,176,0,32,15968,3,16055,11,16056,15,15968,19,0,768,214,176,0,32,15968,3,16055,11,16056,15,
  15968,3,16054,8,15968,8,0,768,214,176,0,32,15968,2,16055,12,16056,15,15968,3,16054,8,15968,8,0,768,214,176,0,32,15968,2,16055,12,16056,15,15968,2,16055,1,
  16054,8,15968,8,0,768,214,176,0,32,15968,1,16055,13,16056,15,16055,4,16054,7,15968,8,0,768,214,176,0,32,15968,1,16055,13,16056,15,16055,4,16054,7,15968,8,
  0,768,214,176,0,32,16055,14,16056,15,16055,4,16054,7,15968,8,0,768,214,176,0,32,16055,14,16056,15,16055,4,16054,7,15968,8,0,768,214,176,0,32,16055,14,
  16056,15,16055,4,16054,7,15968,8,0,768,214,176,0,32,16055,14,16056,14,16055,5,16054,7,15968,8,0,768,214,176,0,32,16055,14,16056,14,16055,5,16054,8,15968,7,
  0,768,214,176,0,32,16055,14,16056,13,16055,6,16054,8,15968,7,0,768,214,176,0,32,16055,15,16056,12,16055,6,16054,10,15968,5,0,768,214,176,0,32,16055,15,
  16056,11,16055,7,16054,10,15968,5,0,768,214,176,0,32,16055,16,16056,10,16055,7,16054,10,15968,5,0,768,214,176,0,32,16055,16,16056,10,16055,10,16054,7,15968,5,
  0,768,214,176,0,32,16055,36,16054,7,15968,5,0,768,214,160,0,32,16426,6,15968,3,16055,45,16054,4,16055,15,15947,7,0,752,214,160,0,32,15968,7,16055,47,
  16054,4,16055,15,15947,7,0,752,214,160,0,32,15968,6,16055,48,16054,4,16055,15,15947,7,0,752,214,160,0,32,15968,6,16055,48,16054,4,16055,14,15947,8,0,752,
  214,160,0,32,16055,19,2279,7,16055,2,2279,4,16055,20,16054,6,16055,14,15947,8,0,752,214,160,0,32,16055,18,2279,14,16055,20,16054,5,16055,15,15947,8,0,752,
  214,160,0,32,16055,17,2279,15,16055,20,16054,5,16055,15,15947,8,0,752,214,160,0,32,16055,16,2279,16,16055,16,16054,8,16055,16,15947,8,0,752,214,160,0,32,
  16055,15,2279,18,16055,15,16054,8,16055,16,15947,8,0,752,214,160,0,32,16055,15,2279,18,16055,15,16054,7,16055,17,15947,8,0,752,214,160,0,32,16055,14,2279,20,
  16055,14,16054,6,16055,18,15947,8,0,752,214,160,0,32,16055,14,2279,20,16055,14,16054,6,16055,18,15947,8,0,752,214,160,0,32,16055,14,2279,20,16055,14,16054,6,
  16055,18,15947,8,0,752,214,160,0,32,16055,14,2279,20,16055,14,16054,6,16055,18,15947,8,0,752,214,160,0,32,16055,14,2279,20,16055,14,16054,6,16055,18,15947,8,
  0,752,214,160,0,32,16055,14,2279,20,16055,14,16054,6,16055,18,15947,8,0,752,214,48,0,128,16055,16,0,32,139,16,16054,9,16055,15,15947,8,0,752,214,48,
  0,128,16055,16,0,32,139,16,16054,9,16055,15,15947,8,0,752,214,48,0,128,16055,16,0,32,139,17,16054,8,16055,15,15947,8,0,752,214,48,0,128,16055,16,
  0,32,139,18,16054,9,16055,7,2273,7,15947,7,0,752,214,48,0,128,16055,16,0,32,139,18,16054,9,16055,5,2273,10,15947,6,0,752,214,48,0,128,16055,16,
  0,32,139,18,16646,2,16054,5,16646,2,2273,15,15947,6,0,752,214,48,0,128,16055,16,0,32,139,18,16646,9,2273,15,139,1,15947,5,0,752,214,48,0,128,
  16055,16,0,32,139,18,16646,9,2273,15,139,2,15947,4,0,752,214,48,0,128,16055,16,0,32,2277,8,139,3,2276,9,16646,7,2273,15,139,2,15947,4,0,752,
  214,48,0,128,16055,16,0,32,2277,8,139,3,2276,9,16646,7,2273,15,139,3,15947,3,0,752,214,48,0,128,16055,16,0,32,2277,8,139,3,2276,9,16646,7,
  2273,15,139,4,15947,2,0,752,214,48,0,128,16055,16,0,32,2277,8,139,3,2276,9,16646,7,2273,15,139,4,15947,2,0,752,214,48,0,128,16055,16,0,32,
  2277,8,139,3,2276,8,5469,4,16646,4,2273,15,139,5,15947,1,0,752,214,48,0,128,16055,16,0,32,2277,8,139,3,2276,8,5469,7,2273,16,139,6,0,752,
  214,48,0,128,16055,15,2277,1,0,32,2277,8,139,3,2276,6,2275,2,5469,7,2273,16,139,6,0,752,214,48,0,128,16055,15,2277,1,0,32,2277,7,2625,5,
  2276,4,2275,4,5469,6,2273,16,139,6,0,752,214,32,0,112,16055,8,28,24,0,32,2277,4,2279,3,2277,15,2625,6,2276,3,2275,6,5469,5,2273,6,0,16,
  139,11,15947,4,16192,1,0,736,214,32,0,112,16055,7,28,2,190,10,28,13,0,32,2277,22,2625,6,139,3,2275,6,5469,2,139,3,2273,6,0,16,139,14,
  15947,2,0,736,214,32,0,112,16055,6,28,2,190,11,28,13,0,32,2277,23,2625,4,139,4,2275,6,139,5,2273,6,0,16,139,15,15947,1,0,736,214,32,
  0,112,85,1,16055,4,28,2,190,12,28,13,0,32,2277,24,139,7,2275,5,139,12,0,16,139,16,0,736,214,32,0,112,85,2,28,5,190,12,28,13,
  0,32,2277,24,139,24,0,16,139,16,0,736,214,32,0,112,85,3,28,3,190,13,28,13,0,32,2277,24,139,24,0,16,139,16,0,736,214,32,0,112,
  85,4,28,2,190,13,28,13,0,32,2277,24,139,24,0,16,139,16,0,736,214,32,0,112,85,5,28,1,190,13,28,13,0,32,2277,24,139,24,0,16,
  139,16,0,736,214,32,0,112,85,5,28,1,190,13,28,13,0,32,2277,24,139,24,0,16,2270,16,0,736,214,32,0,112,85,5,28,1,190,13,28,13,
  0,32,2277,23,139,22,5463,3,0,16,2270,16,0,736,214,32,0,112,85,5,28,1,190,13,28,13,0,32,2277,22,139,22,5463,4,0,16,2270,16,0,736,
  214,32,0,112,85,5,28,1,190,13,28,13,0,32,2277,22,139,22,5463,4,0,16,2270,16,0,736,214,32,0,112,85,5,28,1,190,13,28,13,0,32,
  2277,22,139,21,5463,5,0,16,2270,16,0,736,214,32,0,112,85,5,28,1,190,13,28,13,0,32,2277,22,139,21,5463,5,0,16,2270,16,0,736,214,32,
  0,112,85,6,190,12,28,7,5422,3,28,4,0,32,2277,22,139,5,2624,7,139,9,2271,5,0,16,2270,16,0,736,214,32,0,112,812,4,85,2,28,19,
  5422,3,28,4,0,32,2277,22,139,3,2624,10,139,8,2271,5,0,16,2270,16,0,736,214,16,0,112,85,5,812,15,85,2,28,2,192,16,28,8,0,32,
  2277,16,0,48,2270,16,0,736,214,16,0,112,173,1,85,3,812,4,4918,5,812,7,85,2,28,2,192,16,28,8,0,32,2277,15,2258,1,0,48,2270,16,
  0,736,214,16,0,112,173,1,85,3,812,4,4918,5,812,7,85,2,28,2,192,16,28,8,0,32,2277,13,2258,3,0,48,2270,10,4544,6,0,736,214,16,
  0,112,85,4,812,4,4918,5,812,7,85,2,28,2,192,16,28,8,0,32,2277,11,2258,5,0,48,2270,1,4544,3,2270,5,4544,7,0,736,214,16,0,112,
  85,4,812,4,4918,5,812,7,85,2,28,2,192,16,28,8,0,32,139,9,2258,7,0,48,2270,1,4544,3,2270,5,4544,7,0,736,214,16,0,112,85,4,
  812,4,4918,5,812,7,85,2,28,2,192,16,28,8,0,32,139,9,2258,7,0,48,2270,1,4544,15,0,736,214,16,0,112,85,4,812,16,85,2,28,2,
  192,16,28,8,0,32,139,9,2258,7,0,48,2268,2,4544,14,0,736,214,16,0,112,85,4,812,16,85,2,28,2,192,16,28,8,0,32,139,9,2258,7,
  0,48,2268,3,4544,13,0,736,214,16,0,112,85,4,812,16,85,2,28,2,192,16,28,8,0,32,139,9,2258,7,0,48,2268,4,4544,12,0,736,214,16,
  0,112,85,4,812,16,85,2,28,2,192,16,28,8,0,32,139,9,2258,7,0,48,2268,4,4544,12,0,736,214,16,0,112,85,4,812,16,85,2,28,2,
  192,15,28,9,0,32,139,10,2258,6,0,48,2268,4,4544,10,4546,2,0,736,214,16,0,112,85,4,812,16,85,2,28,2,192,14,28,10,0,32,139,11,
  2258,5,0,48,2268,4,4544,9,4546,3,0,736,214,16,0,112,167,4,812,15,85,3,28,2,5421,20,28,4,0,32,139,12,2258,4,0,48,2268,4,4544,8,
  4546,4,0,736,214,16,0,112,167,4,812,14,85,4,28,2,5421,20,28,4,0,32,139,16,0,48,2268,4,4544,8,4546,4,0,736,214,16,0,112,167,4,
  812,14,85,4,28,2,5421,20,28,4,0,32,139,16,0,48,2268,4,139,4,4546,8,0,736,214,16,0,112,167,4,812,13,85,5,28,2,5421,20,28,4,
  0,32,139,16,0,48,2268,4,139,4,4546,8,0,736,214,16,0,32,5838,3,85,3,154,1,155,5,154,15,811,5,0,16,166,1,14046,22,85,3,165,4,
  167,6,812,12,85,6,28,2,5421,8,0,48,139,16,0,48,139,8,4546,8,0,16,308,16,0,704,214,16,0,32,5838,4,85,2,154,2,155,4,154,15,
  811,5,0,16,166,1,14046,22,85,2,165,11,812,11,85,4,28,6,5421,7,0,48,139,16,0,48,139,8,4546,8,0,16,308,16,0,704,214,16,0,32,
  5838,4,85,2,154,1,155,5,154,14,811,6,0,16,166,1,14046,11,4919,4,14046,7,85,2,165,11,812,9,85,6,28,6,5421,7,0,48,139,16,0,48,
  139,8,4546,8,0,16,308,16,0,704,214,16,0,32,5838,4,85,2,154,1,155,5,154,14,811,6,0,16,14046,12,4919,4,14046,7,85,2,165,11,85,15,
  28,13,0,48,139,16,0,48,139,8,4546,8,0,16,308,16,0,704,214,16,0,32,5838,4,85,2,154,1,155,5,154,14,811,6,0,16,14046,7,153,4,
  14046,12,85,2,165,12,85,8,28,19,0,48,2260,3,139,13,0,48,139,8,4546,8,0,16,308,16,0,704,214,16,0,32,5838,4,85,2,154,20,811,6,
  0,16,14046,5,153,6,14046,12,85,2,165,12,152,3,85,4,28,20,0,48,2260,4,139,9,2263,3,0,48,139,8,4546,8,0,16,308,16,0,704,214,16,
  0,32,5838,4,85,2,154,17,4915,4,811,5,0,16,14046,3,153,8,14046,12,85,2,165,11,152,4,85,3,28,19,200,2,0,48,2260,5,139,7,2263,4,
  0,48,2266,8,4546,8,0,16,308,16,0,704,214,16,0,32,5838,4,85,2,154,14,4915,7,811,5,0,16,14046,1,153,16,14046,6,85,3,165,10,152,4,
  85,2,28,12,5392,4,28,3,200,3,0,48,2260,5,139,7,2263,4,0,48,2266,8,4546,8,0,16,308,16,0,704,214,16,0,32,5838,4,85,2,154,14,
  4915,7,811,5,0,16,153,17,14046,5,85,5,165,3,85,6,152,4,85,1,28,12,199,1,5392,4,28,2,200,4,0,48,2260,5,139,7,2263,4,0,48,
  2266,8,4546,8,0,16,308,16,0,704,214,16,0,32,5838,4,85,2,154,14,4915,7,811,5,0,16,153,18,14046,3,85,7,165,1,85,7,152,4,28,10,
  199,5,5392,3,28,2,200,4,0,48,2260,5,139,7,2263,4,0,48,2266,8,4546,8,0,16,308,16,0,704,214,16,0,32,5838,4,85,2,154,5,5692,9,
  4915,7,811,5,0,16,153,18,14046,3,85,14,152,5,813,2,28,8,199,5,28,6,200,3,0,48,2260,5,139,8,2263,3,0,48,2266,10,4546,6,0,16,
  308,16,0,704,214,16,0,32,5838,4,85,2,154,5,5692,9,4915,7,811,5,0,16,153,18,14046,2,85,15,152,5,813,2,28,7,199,5,28,8,200,2,
  0,48,139,1,2260,4,139,11,0,48,2266,10,4546,6,0,16,308,16,0,704,214,16,0,32,5838,4,85,2,154,5,5692,9,4915,7,811,5,0,16,153,18,
  14046,2,85,15,152,5,813,2,28,7,199,5,28,10,0,48,139,16,0,48,2266,10,4546,6,0,16,308,16,0,704,214,16,0,32,5838,4,85,2,154,5,
  5692,9,4915,7,811,5,0,16,153,18,14046,2,85,15,152,5,813,2,28,7,199,4,28,11,0,48,2261,4,139,8,2262,4,0,48,2266,10,4546,6,0,16,
  308,16,0,704,214,16,0,32,5838,4,85,2,154,5,5692,9,154,7,811,5,0,16,153,18,14046,2,85,15,152,5,813,2,28,22,0,48,2261,5,139,6,
  2262,5,0,48,2266,10,4546,6,0,16,308,16,0,704,214,16,0,32,85,6,154,5,5692,9,154,7,811,5,0,16,153,18,14046,2,85,16,152,4,28,21,
  193,3,0,48,2261,6,139,4,2262,6,0,48,2266,10,4546,6,0,16,308,16,0,704,2398,16,0,192,2261,6,139,4,2262,11,139,13,2621,11,2265,8,139,4,
  2266,7,0,32,308,16,0,704,2398,16,0,192,2261,7,139,3,2262,7,5464,5,139,12,2621,11,2265,8,139,4,2266,7,0,32,308,16,0,704,2398,16,0,192,
  2261,8,2262,8,5464,7,139,12,2621,10,2265,8,139,4,2266,7,0,32,308,16,0,704,2398,16,0,192,2261,8,2262,8,5464,7,139,12,2621,10,139,12,2266,7,
  0,32,308,16,0,704,2398,16,0,192,2261,8,2262,8,5464,7,139,13,2621,9,139,17,2266,2,0,32,308,16,0,704,2398,16,0,192,2261,8,2262,8,5464,7,
  139,41,0,32,308,16,0,704,2398,16,0,192,2261,8,2262,9,5464,6,139,7,47,4,139,30,0,32,308,16,0,704,2398,16,0,192,2261,8,2262,9,5464,6,
  139,6,47,9,139,26,0,32,308,16,0,704,2398,16,0,192,139,8,2262,9,5464,6,139,5,47,11,139,25,0,32,308,16,0,704,2398,16,0,192,139,25,
  47,3,356,8,47,3,139,25,0,32,308,16,0,704,2398,16,0,192,139,21,47,4,356,11,47,3,139,25,0,32,308,16,0,704,2398,16,0,192,139,18,
  47,6,356,12,47,3,139,25,0,32,308,16,0,704,2398,16,0,192,139,16,47,1,356,19,47,3,2400,25,0,32,308,16,0,704,2398,16,0,192,139,15,
  47,1,356,20,47,3,2400,25,0,32,308,16,0,704,2398,16,0,192,139,15,47,1,356,20,47,3,2400,25,0,32,308,16,0,704,2398,16,0,192,139,14,
  47,1,356,21,47,3,2400,25,0,32,308,16,0,704,2398,32,0,16,305,7,928,5,130,3,5386,1,0,64,284,11,36,1,28,4,0,144,2400,32,0,704,
  2398,32,0,16,305,7,928,5,130,3,5386,1,0,64,284,12,28,4,0,144,2400,32,0,704,2398,32,0,16,305,7,928,6,130,2,5386,1,0,64,283,1,
  284,11,36,1,28,3,0,144,2400,32,0,704,2398,32,0,16,305,6,928,8,130,1,5386,1,0,64,283,2,284,10,36,1,28,3,0,144,2400,32,0,704,
  2398,32,0,16,305,6,928,9,130,1,0,64,283,2,284,11,36,1,28,2,0,144,2400,32,0,704,2398,32,0,16,305,6,928,10,0,64,283,3,284,11,
  28,2,0,144,2400,32,0,704,2398,32,0,16,305,7,928,9,0,64,283,3,284,12,28,1,0,144,2400,32,0,704,2398,32,0,16,305,7,928,9,0,64,
  283,3,282,2,284,10,36,1,0,144,2400,32,0,704,2398,32,0,16,305,8,928,8,0,64,283,2,282,4,284,1,280,8,36,1,0,144,2400,32,0,704,
  2398,32,0,16,305,11,928,5,0,64,283,1,282,6,280,8,36,1,0,144,2400,32,0,704,2398,32,0,16,305,11,928,5,0,64,282,7,280,8,36,1,
  0,144,2400,32,0,704,2398,32,0,16,305,11,130,5,0,64,282,7,280,8,36,1,0,144,2400,32,0,704,2398,32,0,16,305,11,130,5,0,64,282,7,
  280,8,36,1,0,144,2400,32,0,704,2398,32,0,16,305,10,130,3,228,3,0,64,281,1,282,4,1357,1,280,9,36,1,0,144,2400,32,0,704,2398,32,
  0,16,305,10,130,3,228,3,0,64,281,2,282,1,1357,3,280,7,36,3,0,144,2400,32,0,704,2398,32,0,16,305,10,130,3,228,3,0,64,281,1,
  1357,6,280,5,36,4,0,144,2400,32,0,704,2398,32,0,32,228,7,130,9,0,32,281,16,1357,11,36,5,0,128,2400,32,0,720,2398,32,0,32,228,7,
  130,9,0,32,281,14,1357,11,36,7,0,128,2400,32,0,720,2398,32,0,32,228,7,130,9,0,32,281,13,1357,11,36,8,0,128,2400,32,0,720,2398,32,
  0,32,228,7,130,6,213,3,0,32,281,12,1357,10,1678,1,36,9,0,128,2400,32,0,720,2398,32,0,32,229,7,130,6,213,3,0,32,281,12,1357,9,
  1678,3,36,8,0,128,2400,32,0,720,2398,32,0,32,229,7,130,6,213,3,0,32,281,10,1683,3,1357,7,36,1,1678,5,36,6,0,128,2400,32,0,720,
  2398,32,0,32,229,7,130,6,213,3,0,32,281,6,1683,8,1357,5,36,2,1678,6,36,2,267,3,0,128,2400,32,0,720,2398,32,0,32,229,7,130,6,
  213,3,0,32,279,1,1683,14,1357,3,36,3,1678,7,267,4,0,128,2400,32,0,720,2398,32,0,32,229,8,130,8,0,32,279,2,1683,13,1679,2,36,5,
  1678,6,267,4,0,128,2400,32,0,720,2398,32,0,32,229,8,130,8,0,32,279,4,1683,11,1679,3,36,3,267,2,1678,5,267,4,0,128,2400,32,0,720,
  2398,32,0,32,229,8,130,8,0,32,279,5,1683,9,1679,5,36,1,267,3,1678,5,267,4,0,128,2400,32,0,720,2398,32,0,32,229,8,130,8,0,32,
  279,5,1683,8,1679,6,267,5,1678,3,267,5,0,128,2400,32,0,720,2398,32,0,32,130,1,229,7,130,8,0,32,279,5,1683,7,1679,7,267,4,272,7,
  267,2,0,128,2400,32,0,720,2398,32,0,32,130,1,229,6,130,9,0,32,279,3,1677,2,1683,6,1679,8,267,3,272,9,267,1,0,128,2400,32,0,720,
  2398,32,0,32,130,16,0,32,279,2,1677,6,1680,3,1679,8,267,3,272,10,0,128,2400,32,0,720,2398,32,0,32,130,13,233,3,0,32,279,1,1677,7,
  1680,4,1679,8,267,2,272,10,0,128,2400,32,0,720,2398,16,0,64,233,14,130,2,279,5,267,3,278,3,267,5,0,48,3486,5,47,16,352,8,47,3,
  0,80,2400,32,0,720,2398,16,0,64,233,14,130,2,279,3,267,5,278,3,267,5,0,48,3486,4,267,2,47,15,352,8,47,3,0,80,2400,32,0,720,
  2398,16,0,64,233,14,130,2,267,8,278,3,267,5,0,48,3486,4,267,2,47,15,352,8,47,3,0,80,2400,32,0,720,2398,16,0,64,233,14,130,2,
  267,8,278,3,267,5,0,48,267,6,47,18,352,5,47,3,0,80,2400,32,0,720,2398,16,0,64,233,14,130,4,267,6,278,3,267,5,0,48,267,7,
  47,16,352,4,1887,2,47,3,0,80,2400,32,0,720,2398,16,0,64,233,13,130,5,267,10,5604,3,267,1,0,48,267,7,47,19,1887,5,47,1,0,80,
  2400,32,0,720,2398,16,0,64,233,12,130,7,267,9,5604,3,267,1,0,48,275,1,267,11,45,4,47,10,1887,6,0,80,2400,32,0,720,2398,16,0,64,
  233,12,130,7,267,9,5604,3,267,1,0,48,275,2,267,10,45,4,47,10,1887,6,0,80,2400,32,0,720,2398,16,0,64,130,2,233,9,130,9,267,8,
  286,4,0,48,275,3,267,9,45,4,47,10,1887,6,0,80,2400,32,0,720,2398,16,0,64,130,2,231,1,233,7,130,10,267,8,286,4,0,48,275,7,
  267,4,45,5,47,10,1887,6,0,80,2400,32,0,720,2398,16,0,64,130,2,231,5,130,13,267,7,286,5,0,48,275,7,267,1,1057,2,45,6,47,15,
  1887,1,0,80,2400,32,0,720,2398,16,0,64,130,2,231,5,130,11,267,9,286,5,0,48,275,7,1057,4,45,5,47,16,0,80,2400,32,0,720,2398,16,
  0,64,130,2,231,6,130,9,267,10,286,5,0,48,275,7,1057,4,45,6,47,15,0,80,2400,32,0,720,2398,16,0,64,130,2,231,6,130,8,267,11,
  286,5,0,48,275,7,1057,2,1857,2,45,7,47,14,0,80,2400,32,0,720,2398,16,0,64,130,2,231,7,130,7,267,2,285,4,267,5,286,5,0,48,
  275,6,1057,2,1857,2,45,10,47,12,0,80,2400,32,0,720,2398,16,0,64,130,16,267,2,285,4,267,5,286,5,0,48,275,5,1057,2,1857,3,45,11,
  47,11,0,80,2400,32,0,672,214,64,0,128,267,3,275,18,1057,2,1857,2,45,14,47,10,353,11,47,4,0,64,2400,32,0,672,214,64,0,128,5603,1,
  267,3,275,16,1057,2,1857,2,45,6,313,4,45,6,47,11,353,8,47,2,45,3,0,64,2400,32,0,672,214,64,0,128,5603,1,267,5,275,13,1057,2,
  1857,3,45,4,313,6,45,7,47,11,353,5,47,3,45,4,0,64,2400,32,0,672,214,64,0,128,5603,1,267,7,275,10,1057,2,1857,3,45,4,313,7,
  45,9,47,16,45,5,0,64,2400,32,0,672,214,64,0,128,267,9,275,8,1057,2,1857,3,45,4,313,8,45,30,0,64,2400,32,0,672,214,64,0,128,
  267,11,275,5,1057,2,1857,3,45,4,313,9,45,28,333,2,0,64,2400,32,0,672,214,64,0,128,267,13,275,1,1057,3,1857,3,334,4,45,1,313,9,
  45,28,333,2,0,64,2400,32,0,672,214,64,0,128,289,3,267,11,1057,3,1857,2,334,6,313,9,45,28,333,2,0,64,2400,32,0,672,214,64,0,128,
  289,4,267,9,1057,3,1857,3,334,6,313,9,45,28,333,2,0,64,2400,32,0,672,214,64,0,128,289,4,267,8,1057,3,1857,3,334,7,313,9,45,15,
  315,9,45,4,333,2,0,64,2400,32,0,672,214,64,0,128,289,4,267,8,1057,2,1857,3,45,1,334,7,313,9,45,15,315,9,45,5,333,1,0,64,
  2400,32,0,672,214,64,0,128,289,4,267,8,1057,1,1857,2,5121,2,45,2,334,5,45,2,313,8,45,15,315,9,45,6,0,64,2400,32,0,672,214,64,
  0,128,289,4,267,7,1057,2,1857,2,5121,2,45,3,334,3,45,4,313,6,45,16,315,9,45,6,0,64,2400,32,0,672,214,64,0,128,289,3,290,1,
  267,7,1057,1,1857,3,5121,2,45,32,315,9,45,6,0,64,2400,32,0,672,214,64,0,128,289,1,290,4,267,5,1057,2,1857,2,45,15,1858,5,45,15,
  315,9,45,6,0,64,2400,32,0,672,214,64,0,128,290,5,267,4,1057,2,1857,2,45,15,1858,8,45,13,315,9,45,6,0,64,2400,32,0,672,214,64,
  0,160,1858,5,45,12,315,9,45,13,321,7,318,2,0,32,2401,32,2400,16,0,672,214,64,0,160,1858,5,45,12,315,9,45,13,321,7,318,2,0,32,
  2401,32,2400,16,0,672,214,64,0,160,1858,5,45,4,320,8,315,9,45,13,321,7,318,2,0,32,2401,32,2400,16,0,672,214,64,0,160,1858,5,45,3,
  320,10,315,7,45,14,321,7,318,2,0,32,2401,32,2400,16,0,672,214,64,0,160,1858,5,45,2,320,11,315,6,45,24,0,32,2401,32,2400,16,0,672,
  214,64,0,160,1858,5,45,2,320,9,336,5,45,27,0,32,2401,32,2400,16,0,672,214,64,0,160,1858,4,45,3,320,8,336,6,45,27,0,32,2401,32,
  2400,16,0,672,214,64,0,160,1858,3,45,4,320,8,336,6,45,27,0,32,2401,32,2400,16,0,672,214,64,0,160,1858,2,45,5,320,8,336,6,45,4,
  314,6,45,17,0,32,2401,32,2400,16,0,672,214,64,0,160,45,7,320,8,336,6,45,3,314,8,45,16,0,32,2401,32,2400,16,0,672,214,64,0,160,
  45,8,320,3,45,4,336,3,45,5,314,9,45,16,0,32,2401,32,2400,16,0,672,214,64,0,160,335,3,45,20,314,10,45,15,0,32,2401,32,2400,16,
  0,672,214,64,0,160,335,4,45,19,314,10,45,15,0,32,2401,32,2400,16,0,672,214,64,0,160,335,5,45,18,314,10,317,12,45,3,0,32,2401,32,
  2400,16,0,672,214,64,0,160,335,5,45,18,314,10,317,12,45,3,0,32,2401,32,2400,16,0,672,214,64,0,160,335,5,45,18,314,10,317,12,45,3,
  0,32,2401,32,2400,16,0,672,214,64,0,240,2401,32,308,48,0,640,214,64,0,240,2401,32,308,48,0,640,214,64,0,240,2401,32,308,48,0,640,214,64,
  0,240,2401,32,308,48,0,640,214,64,0,240,2401,32,308,48,0,640,214,64,0,240,2401,32,308,48,0,640,214,64,0,240,2401,32,308,48,0,640,214,64,
  0,240,2401,32,308,48,0,640,214,64,0,240,2401,32,308,48,0,640,214,64,0,240,2401,32,308,48,0,640,214,64,0,240,2401,32,308,48,0,640,214,64,
  0,240,2401,32,308,48,0,640,214,64,0,240,2401,32,308,48,0,640,214,64,0,240,2401,32,308,48,0,640,214,64,0,240,2401,32,308,48,0,640,214,64,
  0,240,2401,32,308,48,0,640,214,67,4706,13,0,80,2365,16,0,192,308,16,0,640,214,67,4706,13,0,80,2365,16,0,192,308,16,0,640,214,68,4706,12,
  0,80,2365,16,0,192,308,16,0,640,214,68,4706,12,0,80,2365,16,0,192,308,16,0,640,214,69,4706,11,0,80,2365,16,0,192,308,16,0,640,214,69,
  4706,11,0,80,2365,16,0,192,308,16,0,640,214,70,4706,10,0,80,2365,16,0,192,308,16,0,640,214,70,4706,10,0,80,2365,16,0,192,308,16,0,640,
  214,72,4706,8,0,80,2365,16,0,192,308,16,0,640,214,72,4706,8,0,80,2365,16,0,192,308,16,0,640,214,73,4706,7,0,80,2365,16,0,192,308,16,
  0,640,214,73,4706,7,0,80,2365,16,0,192,308,16,0,640,214,74,4706,6,0,80,2365,16,0,192,308,16,0,640,214,75,4706,5,0,80,2365,16,0,192,
  308,16,0,640,214,76,4706,4,0,80,2365,16,0,192,308,16,0,640,214,79,4706,1,0,80,2365,16,0,192,308,16,0,560,214,163,4706,13,0,48,2365,16,
  0,128,4922,9,5439,8,5438,10,4922,4,5143,5,5682,12,0,32,308,16,0,560,214,168,4706,8,0,48,2365,16,0,128,4922,9,5439,9,5438,9,4922,3,5143,6,
  5682,12,0,32,308,16,0,560,214,171,4706,5,0,48,2365,16,0,128,4922,8,5439,10,4922,1,5438,6,4922,5,5143,6,5682,12,0,32,308,16,0,560,214,174,
  4706,2,0,48,2365,16,0,128,4922,8,5439,9,4922,13,5143,6,5682,12,0,32,308,16,0,560,214,176,0,48,2365,16,0,128,4922,9,5439,8,4922,13,5143,6,
  5682,12,0,32,308,16,0,560,214,176,0,48,2365,16,0,128,4922,9,5439,8,4922,24,5682,7,0,32,308,16,0,560,214,176,0,48,2365,16,0,128,4922,7,
  5640,9,4922,25,5682,7,0,32,308,16,0,560,214,176,0,48,2365,16,0,128,4922,7,5640,9,4922,32,0,32,308,16,0,560,214,176,0,48,2365,16,0,128,
  4922,2,5639,5,5640,2,4922,1,5640,6,4922,32,0,32,4922,1,308,15,0,560,214,176,0,48,2365,16,0,128,4922,2,5639,5,5640,9,4922,32,0,32,4922,1,
  308,15,0,560,214,176,0,48,2365,16,0,128,4922,2,5639,7,5640,7,4922,32,0,32,4922,1,308,15,0,560,214,176,0,48,2365,16,0,128,4922,2,5639,7,
  5640,7,4922,3,5142,6,4922,23,0,32,4922,1,308,15,0,560,214,176,0,48,2365,16,0,128,4922,2,5639,10,5640,4,4922,3,5142,6,5502,7,4922,16,0,32,
  4922,1,308,15,0,560,214,176,0,48,2365,16,0,128,4922,2,5639,10,5640,4,4922,3,5142,6,5502,7,4922,16,0,32,4922,1,308,15,0,560,214,176,0,48,
  2365,16,0,128,4922,2,5639,13,4922,4,5142,6,5502,7,4922,2,5609,6,4922,8,0,32,4922,1,308,15,0,560,214,176,0,48,2365,16,0,128,4922,2,5639,13,
  4922,4,5142,6,5502,7,4922,2,5609,6,4922,8,0,32,4922,1,308,15,0,560,214,176,2365,64,0,96,1017,14,4922,2,0,16,4922,2,5639,13,4922,1,0,64,
  4922,1,308,15,0,560,214,176,2365,64,0,96,1017,14,4922,2,0,16,4922,2,5639,13,4922,1,0,64,4922,1,308,15,0,560,214,176,2365,64,0,96,1017,14,
  4922,2,0,16,4922,2,5639,13,5502,1,0,64,4922,1,308,15,0,560,214,176,2365,64,0,96,1025,3,1017,11,1038,2,0,16,4922,2,5639,13,5502,1,0,64,
  4922,1,308,15,0,560,214,176,2365,64,0,96,1025,5,1017,7,1038,4,0,16,4922,2,5639,13,5502,1,0,64,4922,1,308,15,0,560,214,176,2365,64,0,96,
  1025,5,1017,7,1038,4,0,16,4922,2,5639,13,5502,1,0,64,4922,1,308,15,0,560,214,41,5146,24,214,37,5146,48,214,26,2365,64,0,96,1025,5,11,4,
  1038,6,5461,1,0,16,5139,3,5639,12,5502,1,0,64,4922,1,308,15,0,560,214,31,5146,120,214,25,2365,64,0,96,11,9,1038,6,5461,1,0,16,5139,3,
  5639,12,5502,1,0,64,4922,1,308,15,0,560,214,31,5146,121,214,24,2365,64,0,96,11,9,1038,6,5461,1,0,16,5139,5,4922,10,5502,1,0,64,4922,1,
  308,15,0,560,214,31,5146,122,214,23,2365,64,0,96,11,9,1038,6,5461,1,0,16,5139,5,4922,10,5502,1,0,64,4922,1,308,15,0,560,214,29,5146,124,
  214,23,2365,64,0,96,11,9,4922,3,1038,3,5461,1,0,16,5139,5,4922,10,5502,1,0,64,4922,1,308,15,0,560,214,29,5146,125,214,22,2365,64,0,96,
  11,7,5462,1,4922,6,1038,1,5461,1,0,16,4922,15,5502,1,0,64,4922,1,308,15,0,560,214,28,5146,126,214,22,2365,64,0,96,11,6,5462,2,4922,6,
  1038,1,5461,1,0,16,4922,15,5502,1,0,64,4922,1,308,15,0,560,214,27,5146,127,214,22,2365,64,0,96,11,4,5462,3,4922,9,0,16,4922,15,5502,1,
  0,64,4922,1,308,15,0,560,214,23,5146,131,214,22,2365,64,0,96,11,4,5462,2,4922,10,0,16,4922,7,5641,6,4922,2,5502,1,0,64,4922,1,308,15,
  0,560,214,23,5146,131,214,22,2365,64,0,96,11,4,5462,2,4922,10,0,16,4922,7,5641,6,4922,2,5502,1,0,64,4922,1,308,15,0,560,214,23,5146,73,
  0,48,5146,11,214,21,2365,32,0,80,11,16,0,32,11,4,5462,2,4922,10,0,672,214,21,5146,75,0,48,5146,11,214,21,2365,32,0,80,11,16,0,32,
  11,4,5462,2,4922,10,0,672,214,21,5146,75,0,48,5146,11,214,21,2365,32,0,80,11,16,0,32,11,4,5462,2,4922,10,0,672,214,20,5146,76,0,48,
  5146,11,214,21,2365,32,0,80,11,16,0,32,11,4,5462,2,4922,10,0,672,214,19,5146,77,0,48,5146,10,214,22,2365,32,0,80,11,16,0,32,11,4,
  5462,2,4922,10,0,672,214,19,5146,77,0,48,5146,10,214,22,2365,32,0,80,11,16,0,32,11,4,5462,2,4922,10,0,672,214,18,5146,78,0,48,5146,10,
  214,22,2365,32,0,80,1,15,11,1,0,32,11,4,1037,11,4922,1,0,672,214,17,5146,79,0,48,5146,10,214,22,2365,32,0,80,1,15,11,1,0,32,
  11,4,1037,11,5462,1,0,672,214,17,5146,79,0,48,5146,9,214,23,2365,32,0,80,1,15,11,1,0,32,11,4,1037,11,5462,1,0,672,214,17,5146,79,
  0,48,5146,9,214,23,2365,32,0,80,1,15,11,1,0,32,11,4,1037,11,5462,1,0,672,214,16,5146,80,0,48,5146,9,214,23,2365,32,0,80,1,15,
  11,1,0,32,11,3,1037,12,5462,1,0,672,214,15,5146,81,0,48,5146,9,214,23,2365,32,0,80,1,15,11,1,0,32,11,3,1037,12,5462,1,0,672,
  214,15,5146,81,0,48,5146,9,214,23,2365,32,0,80,1,15,11,1,0,32,11,3,1037,12,5462,1,0,672,214,15,5146,81,0,48,5146,9,214,23,2365,32,
  0,80,1,15,11,1,0,32,11,2,1037,13,5462,1,0,672,214,15,5146,81,0,48,5146,9,214,23,2365,32,0,80,1,15,11,1,0,32,11,2,1037,13,
  5462,1,0,672,214,14,5146,82,0,48,5146,9,214,23,2365,32,0,80,1,15,11,1,0,32,11,2,1037,12,5473,2,0,672,214,12,5146,84,0,64,214,16,
  0,48,1,16,0,16,11,9,1,38,11,5,836,9,11,3,0,64,5485,4,5627,2,5489,8,4922,2,0,624,214,12,5146,84,0,64,214,16,0,48,1,16,
  0,16,11,9,1,38,11,5,836,9,11,3,0,64,5472,1,5627,5,5489,8,5594,2,0,624,214,13,5146,83,0,64,214,16,0,48,1,16,0,16,11,8,
  1,39,11,6,836,9,11,2,0,64,5472,1,5627,8,4922,2,5594,5,0,624,214,13,5146,83,0,64,214,16,0,48,1,16,0,16,11,7,1,40,11,8,
  836,9,0,64,5472,1,5627,8,4922,2,5594,5,0,624,214,13,5146,83,0,64,214,16,0,48,1,16,0,16,11,4,1,26,5115,2,1,15,11,8,836,9,
  0,64,5472,1,5627,8,4922,2,5594,5,0,624,214,13,5146,83,0,64,214,16,0,48,1,16,0,16,11,3,1,27,5115,4,1,13,11,8,836,9,0,64,
  5472,1,5484,4,4922,6,5594,5,0,624,214,13,5146,83,0,64,214,16,0,48,1,16,0,16,11,2,1,28,5115,8,1,9,11,8,836,9,0,64,5472,1,
  5484,4,4922,6,5594,5,0,624,214,13,5146,83,0,64,214,16,0,48,1,16,0,16,1,30,5115,8,1,9,11,8,836,9,0,64,5472,1,5484,4,5483,6,
  5594,5,0,624,214,13,5146,83,0,64,214,16,0,48,1,16,0,16,1,30,5115,8,1,9,11,9,836,8,0,64,5472,1,5483,10,5594,5,0,624,214,13,
  5146,83,0,64,214,16,0,48,1,16,0,16,1,31,5115,7,1,18,38,7,837,1,0,64,5472,1,5483,13,5594,2,0,624,214,13,5146,83,0,64,214,16,
  0,48,1,16,0,16,1,31,5115,7,1,18,38,7,837,1,0,64,5487,3,5483,4,5486,3,5483,4,5594,2,0,624,214,13,5146,83,0,64,214,16,0,48,
  1,16,0,16,1,31,5115,7,1,15,38,10,837,1,0,64,5487,6,5486,4,5483,4,5594,2,0,624,214,13,5146,83,0,64,214,16,0,48,1,16,0,16,
  1,31,5115,7,1,15,38,9,925,1,837,1,0,64,5487,6,5486,4,5483,4,5594,2,0,624,214,13,5146,83,0,64,214,16,0,48,1,16,0,16,1,31,
  5115,7,1,15,38,4,838,4,925,2,837,1,0,64,5472,1,5487,5,5486,4,5483,4,5594,2,0,624,214,13,5146,83,0,64,214,16,0,48,1,16,0,16,
  1,31,5115,6,1,16,38,4,838,5,925,2,0,64,5472,1,5487,5,4922,5,5483,3,5594,2,0,624,214,12,5146,22,5145,31,5146,31,0,64,214,16,0,48,
  1,16,0,16,1,31,5115,6,1,16,38,4,838,5,925,2,0,64,5471,3,5487,3,4922,5,5483,3,5594,2,0,624,5146,34,5145,31,5146,31,0,64,214,16,
  0,16,1,32,0,16,1,32,0,32,1,5,38,4,838,5,925,2,0,32,143,11,5473,5,0,656,5146,34,5145,31,5146,31,0,64,214,16,0,16,1,32,
  0,16,5177,2,801,4,1,26,0,32,808,8,38,1,838,5,925,2,0,32,143,11,5473,5,0,656,5146,34,5145,35,5146,27,0,64,214,16,0,16,1,32,
  0,16,5177,2,801,4,1,26,0,32,808,8,38,1,838,4,925,3,0,32,143,11,5473,5,0,656,5146,34,5145,35,5146,27,0,64,214,16,0,16,1,32,
  0,16,5177,2,801,4,1,26,0,32,808,9,38,4,925,3,0,32,143,11,5473,5,0,656,5146,34,5145,35,5146,27,0,64,214,16,0,16,1,32,0,16,
  5177,2,801,4,1,26,0,32,808,9,38,7,0,32,143,11,5473,5,0,656,5146,34,5145,35,5146,27,0,64,214,16,0,16,1,32,0,16,801,6,802,3,
  1,12,809,6,1,5,0,32,808,9,38,7,0,32,143,12,5473,4,0,656,5146,21,5145,60,5146,15,0,64,214,16,0,16,1,31,133,1,0,16,801,5,
  802,5,1,11,809,6,1,5,0,32,808,9,38,7,0,32,143,13,5473,3,0,656,5146,21,5145,34,5710,6,5145,34,5144,1,0,64,214,16,0,16,1,30,
  133,2,0,16,801,4,802,6,1,11,809,6,1,5,0,32,808,9,38,7,0,32,38,1,143,12,5473,3,0,656,5146,21,5145,32,5710,8,5145,34,5144,1,
  0,64,214,16,0,16,1,30,133,2,0,16,801,4,802,6,1,11,809,6,1,5,0,32,808,9,38,7,0,32,38,1,143,13,5473,2,0,656,5146,21,
  5145,28,5710,12,5145,34,5144,1,0,64,214,16,0,16,1,28,133,4,0,16,211,1,801,3,802,6,1,11,809,6,1,5,0,32,808,10,38,6,0,32,
  38,2,143,9,38,5,0,656,5146,21,5145,28,5710,12,5145,16,5047,10,5145,8,5144,1,0,64,214,16,0,16,1,28,133,4,0,16,211,2,801,3,802,6,
  1,10,809,6,1,5,0,32,808,10,38,6,0,32,38,3,143,5,38,8,0,656,5146,21,5145,21,5101,9,5107,2,5710,8,5145,14,5047,13,5145,7,5144,1,
  0,64,214,16,0,16,1,28,133,4,0,16,211,2,801,2,802,7,1,10,809,6,1,4,138,1,0,32,808,10,38,6,0,32,38,16,0,656,5146,21,
  5145,19,5101,11,5107,4,5710,6,5145,13,5047,15,5145,6,5144,1,0,64,214,16,0,16,1,28,133,4,0,16,211,2,801,2,802,7,1,17,138,4,0,32,
  807,2,808,8,1,2,38,4,0,32,38,16,0,656,5146,21,5145,18,5101,12,5107,5,5710,5,5145,11,5047,19,5145,4,5144,1,0,64,214,16,0,16,1,28,
  133,4,0,16,211,1,801,2,802,9,1,15,138,5,0,32,807,3,808,7,1,2,38,4,0,32,38,16,0,656,5146,21,5145,17,5101,13,5107,7,5710,4,
  5145,10,5047,19,5145,4,5144,1,0,64,214,16,0,16,1,28,133,1,5178,3,0,16,211,1,801,2,802,9,1,15,138,5,0,32,807,4,808,6,1,2,
  38,4,0,32,38,16,0,656,5146,21,5145,16,5101,14,5107,7,5710,5,5145,8,5047,21,5145,3,5144,1,0,64,214,16,0,16,1,27,133,2,5178,3,0,16,
  211,1,801,2,802,7,1,17,138,5,0,32,807,4,1,1,808,4,1,3,38,4,0,32,38,16,0,656,5146,21,5145,11,5101,19,5107,8,5710,5,5145,6,
  5047,23,5145,2,5144,1,0,64,214,16,0,32,1,11,133,2,5178,3,0,16,801,4,802,6,1,17,138,8,1,13,0,16,807,4,1,10,38,9,144,6,
  556,3,0,16,556,1,38,19,4922,12,0,48,4922,11,308,21,0,560,5146,21,5145,11,5101,19,5107,8,5710,6,5145,4,5047,26,5144,1,0,64,214,16,0,32,
  1,13,5178,3,0,16,801,5,802,4,1,5,131,2,189,1,1,11,138,7,1,2,803,5,1,6,0,16,807,4,1,1,806,8,1,1,38,9,144,7,
  556,2,0,16,556,1,38,19,4922,12,0,48,4922,11,308,21,0,560,5146,21,5145,11,5101,19,5107,11,5710,6,5047,27,5144,1,0,64,214,16,0,32,1,13,
  135,1,5178,2,0,16,801,8,1,6,131,2,189,3,1,11,138,5,1,2,803,7,1,4,0,16,807,4,806,9,1,1,38,9,144,7,556,2,0,16,
  556,1,38,19,4922,12,0,48,4922,11,308,21,0,560,5146,21,5145,11,5101,19,5107,13,5710,4,5047,27,5144,1,0,64,214,16,0,32,1,6,135,8,5178,2,
  0,16,801,8,1,5,131,3,189,5,1,16,803,7,1,4,0,16,807,4,806,9,1,1,38,9,144,8,556,1,0,16,38,20,4922,12,0,48,308,32,
  0,560,5146,21,5145,11,5101,19,5107,13,5710,4,5047,27,5144,1,0,64,214,16,0,32,1,6,135,8,5178,2,0,16,801,3,1,1,801,4,1,5,131,3,
  189,6,1,15,803,9,1,2,0,16,807,4,806,9,1,1,38,9,144,7,936,2,0,16,38,10,147,11,308,11,0,48,308,32,0,560,5146,21,5145,11,
  5101,19,5107,13,5710,4,5047,27,5144,1,0,64,214,16,0,32,1,6,135,10,0,16,1,4,801,2,1,7,131,3,189,6,1,15,803,9,1,2,0,16,
  1,4,806,9,38,10,144,5,936,4,0,16,142,6,38,3,147,12,308,11,0,48,308,32,0,560,5146,21,5145,11,5101,17,5103,8,5107,6,5102,5,5047,27,
  5144,1,0,64,214,16,0,32,1,6,135,10,0,16,1,6,136,4,1,2,131,5,189,5,1,14,803,10,1,2,0,16,1,4,805,1,806,8,38,10,
  144,4,936,5,0,16,142,7,38,2,147,12,308,11,0,48,308,32,0,560,5146,21,5145,11,5101,15,5103,10,5102,11,5047,27,5144,1,0,64,214,16,0,32,
  1,6,135,10,0,16,1,5,136,5,1,2,131,6,1,17,803,11,1,2,0,16,1,4,805,1,806,7,839,2,38,11,936,7,0,16,142,10,38,1,
  147,10,308,11,0,48,308,32,0,560,5146,21,5145,11,5101,14,5103,11,5102,10,5047,28,5144,1,0,64,214,16,0,32,1,6,135,10,0,16,1,4,136,8,
  131,6,1,10,5098,2,1,5,803,7,1,6,0,16,1,4,805,1,806,6,839,4,38,10,936,7,0,16,142,10,38,1,147,10,308,11,0,48,308,32,
  0,560,5146,21,5145,11,5101,10,5103,15,5102,10,5047,28,5144,1,0,64,214,16,0,32,1,6,135,10,0,16,1,4,136,9,131,5,1,9,5098,6,1,2,
  803,5,1,5,134,3,0,16,1,4,805,2,806,4,839,5,38,10,936,7,0,16,142,10,38,1,147,10,308,11,0,48,308,32,0,560,5146,21,5145,11,
  5101,10,5103,16,5102,8,5047,29,5144,1,0,64,214,16,0,32,1,6,135,10,0,16,1,3,136,10,131,5,1,8,5098,7,804,1,1,7,804,2,1,2,
  134,3,0,16,1,4,805,2,806,4,839,5,924,1,38,9,936,7,0,16,142,10,38,1,147,10,308,11,0,48,308,32,0,560,5146,21,5145,11,5101,10,
  5103,17,5102,7,5047,29,5144,1,0,64,214,16,0,32,1,11,135,5,0,16,1,4,136,10,131,4,1,7,5098,8,804,10,1,1,134,4,0,16,1,4,
  805,2,1,4,839,3,924,4,38,5,923,4,936,6,0,16,142,10,38,1,147,9,308,12,0,48,308,32,0,560,5146,21,5145,11,5101,10,5103,18,5102,6,
  5047,29,5144,1,0,64,214,16,0,32,1,12,135,4,0,16,1,4,136,10,1,3,5097,6,1,1,5098,8,804,11,134,5,0,16,212,6,1,4,924,8,
  38,3,923,5,936,6,0,16,142,10,38,1,147,8,308,13,0,48,308,32,0,560,5146,21,5145,11,5101,10,5103,18,5102,6,5047,29,5144,1,0,64,214,16,
  0,32,1,13,135,3,0,16,1,5,136,9,1,2,5097,9,5098,6,804,12,134,5,0,16,212,6,1,3,924,9,38,2,923,6,936,6,0,16,142,10,
  38,1,147,7,308,14,0,48,308,32,0,560,5146,21,5145,11,5101,10,5103,18,5134,6,5047,29,5144,1,0,64,214,16,0,32,1,16,0,16,1,6,136,8,
  1,2,5097,9,5098,6,804,12,134,5,0,16,212,2,1,6,924,11,923,7,936,6,0,16,142,10,38,1,147,7,308,14,0,48,308,32,0,560,5146,16,
  5145,16,5101,8,5103,20,5134,6,5047,28,5144,2,0,64,214,16,0,32,1,16,0,16,1,7,136,5,1,4,5097,9,5098,6,804,12,134,5,0,16,716,1,
  1,7,924,11,923,7,936,6,0,16,142,9,147,9,308,14,0,48,308,32,0,560,5146,16,5145,16,5101,8,5103,4,5100,3,5103,13,5134,6,5047,28,5144,3,
  4961,26,5008,4,5144,8,4955,5,5144,7,5146,10,214,32,1,3,0,16,1,20,135,1,801,2,1,9,0,32,804,11,134,7,1,5,716,10,1,7,924,11,
  923,7,936,5,38,17,142,8,38,1,147,7,0,32,308,32,0,592,5146,16,5145,16,5101,8,5103,4,5100,3,5103,9,5134,10,5047,28,5144,3,4961,27,5008,2,
  4961,4,5144,5,4955,5,5144,7,5146,10,214,33,1,2,0,16,1,28,800,4,0,32,804,11,134,7,1,5,716,9,1,8,924,11,923,7,936,4,38,19,
  142,6,38,2,147,7,0,32,308,32,0,592,5146,16,5145,16,5101,4,5103,9,5100,1,5103,7,5134,13,5047,27,5144,4,4961,33,5144,6,4955,5,5144,6,5146,10,
  214,33,1,2,0,16,1,28,800,4,0,32,804,9,1,14,716,8,1,8,924,11,923,9,936,2,38,20,142,6,38,2,147,7,0,32,308,32,0,592,
  5146,12,5145,20,5101,2,5103,16,5134,17,5047,26,5144,4,4961,33,5144,6,4955,5,5144,6,5146,10,214,34,1,1,0,16,1,28,800,4,0,32,1,24,716,7,
  1,8,924,10,936,1,923,10,38,21,142,6,38,7,308,2,0,32,308,32,0,592,5146,12,5145,20,5101,2,5103,15,5134,18,5047,21,5144,9,4961,33,5144,6,
  4955,6,5144,5,5146,10,214,34,1,1,0,16,1,5,132,22,1,1,800,4,0,32,1,38,38,1,924,10,923,11,38,1,1897,9,3,5,38,19,308,2,
  0,32,308,32,0,592,5146,12,5145,18,4971,7,5103,11,5134,19,5047,20,5144,10,4961,33,5144,2,5007,6,4955,4,5144,5,5146,10,214,34,1,1,0,16,1,6,
  132,21,1,1,800,4,0,32,1,38,38,1,924,10,923,11,38,1,1897,9,3,5,38,19,308,2,0,32,308,32,0,592,5146,9,5145,18,4971,12,5103,9,
  5134,19,5047,18,5144,13,4961,32,5144,2,5007,8,4955,4,5144,3,5146,10,214,34,1,1,0,16,1,6,132,22,800,4,0,32,1,26,51,10,1,2,38,1,
  924,9,38,1,923,11,38,1,1897,9,3,6,38,18,308,2,0,32,308,32,0,592,5146,9,5145,18,4971,15,5103,7,5134,18,5047,17,5144,14,4963,5,4961,27,
  5144,2,5007,8,4955,4,5144,3,5146,10,214,34,1,1,0,16,1,5,132,23,800,4,0,32,1,25,51,14,924,8,38,2,923,11,38,1,1897,9,3,12,
  38,12,308,2,0,32,308,32,0,592,5146,9,5145,15,4971,18,5103,8,5134,17,5047,16,5144,15,4963,8,4961,20,4962,6,5007,8,4955,4,5144,3,5146,10,214,34,
  1,1,0,16,1,5,132,25,1,2,0,32,1,24,51,15,38,1,924,7,38,2,923,11,38,1,1897,8,3,14,38,11,308,2,0,32,308,32,0,592,
  5146,9,5145,8,5135,7,4971,18,5103,8,5134,17,5047,15,5144,15,4963,10,4961,15,4962,10,5007,8,4955,4,5144,3,5146,10,214,34,1,1,0,16,1,5,132,25,
  1,2,0,32,1,22,51,6,1959,5,51,6,38,10,923,11,38,1,1897,7,3,21,38,5,308,2,0,32,308,32,0,592,5146,9,5145,6,5135,9,4971,18,
  5103,7,4974,2,5134,16,5047,14,5144,16,4963,18,4961,4,4962,13,5007,8,4955,4,5144,3,5146,10,214,34,1,1,0,16,1,5,132,25,1,2,0,32,1,19,
  51,6,1959,8,51,6,38,10,923,11,3,2,1897,5,3,8,341,7,3,14,0,32,308,32,0,592,5146,9,5145,5,5135,10,4971,18,4974,12,5134,13,5047,12,
  5144,18,4963,18,4961,2,4962,15,5007,8,4955,4,5144,5,5146,8,214,34,1,1,0,16,1,5,132,25,1,2,0,32,1,9,51,3,1,5,51,8,1959,8,
  51,6,3,10,923,11,3,3,1897,4,3,8,341,8,3,13,0,32,308,32,0,592,5146,9,5145,5,5135,10,4971,18,4974,12,5134,13,5047,11,5144,19,4963,18,
  4962,17,5007,8,4955,4,5144,5,5146,8,214,34,1,1,0,16,1,5,132,25,1,2,0,32,51,2,1,4,51,19,1959,10,51,2,3,15,923,3,3,20,
  341,8,3,13,0,32,308,32,0,592,5146,9,5145,5,5135,10,4971,18,4974,12,5134,12,4955,2,5047,10,5144,19,4963,16,4962,19,5007,8,4955,4,5144,5,5146,7,
  214,35,1,1,0,16,1,5,132,25,1,2,0,32,51,20,1959,15,51,2,3,22,338,5,3,11,341,8,3,3,339,10,0,32,308,32,0,592,5146,9,
  5145,5,5135,9,4971,19,4974,11,5134,9,4975,4,4955,3,5047,8,5144,21,4963,14,4962,20,5007,8,4955,4,5144,5,5146,7,214,35,1,1,0,16,1,5,132,9,
  4837,2,132,13,1,3,0,32,51,20,1959,15,51,2,3,22,338,6,3,2,346,6,3,2,1898,12,339,9,0,32,308,32,0,592,5146,9,5145,5,5135,9,
  4971,1,4815,1,4971,17,4974,11,5134,8,4975,5,4955,11,5144,21,4963,14,4962,23,5007,5,4955,5,5144,4,5146,7,214,35,1,1,0,16,1,5,132,9,4837,2,
  132,13,1,3,0,32,51,20,1959,15,51,2,3,22,338,7,3,1,346,6,3,2,1898,12,339,9,0,32,308,32,0,592,5146,9,5145,5,5135,9,4971,19,
  4974,11,5134,8,4975,6,4955,11,5144,20,4967,4,4963,10,4962,23,5007,5,4962,1,4955,4,5144,4,5146,7,214,35,1,1,0,16,1,6,132,10,0,48,1446,4,
  51,16,1959,12,3,7,5592,4,3,16,338,8,346,6,3,2,1898,12,339,9,0,32,308,32,0,592,5146,9,5145,5,5135,9,4971,19,4974,11,5134,8,4975,6,
  4955,11,5144,6,4967,9,5144,5,4967,5,4963,9,4962,28,4955,5,5144,4,5146,6,214,36,1,1,0,16,1,6,132,10,0,48,1446,5,51,15,1959,12,3,7,
  5592,4,3,16,338,8,346,6,3,2,1898,12,339,9,0,32,308,32,0,592,5146,9,5145,5,5135,9,4971,19,4974,11,5134,3,4977,7,4975,5,4955,10,5144,6,
  4967,20,4963,8,4962,27,4955,6,5144,4,5146,6,214,36,1,1,0,16,1,6,132,10,0,48,1446,5,51,15,1959,11,3,8,5592,4,3,2,1878,14,338,7,
  3,1,346,6,3,2,1898,12,339,9,0,32,308,32,0,592,5146,9,5145,5,5135,10,4971,18,4974,11,4977,10,4975,5,4955,11,5144,5,4967,20,5144,3,4963,4,
  4962,28,4955,6,5144,4,5146,6,214,36,1,1,0,16,1,6,132,10,0,48,1446,5,51,16,1959,9,3,9,5592,4,3,1,1878,15,338,6,3,3,346,5,
  3,2,1898,9,3,1,339,11,0,32,308,32,0,592,5146,9,5145,5,5135,10,4971,18,4974,11,4977,11,4975,4,4955,13,5144,3,4967,20,5144,5,4963,2,4962,28,
  4955,6,5144,4,5146,6,214,36,1,1,0,16,1,6,132,10,0,48,1446,5,51,17,1959,8,3,2,340,7,5592,4,1878,16,338,6,3,3,5525,4,3,2,
  1898,7,5496,9,339,6,0,32,308,32,0,592,5146,9,5145,5,5135,10,4971,18,4974,11,4977,11,4975,4,4955,13,5144,3,4967,11,5089,3,4967,7,5144,5,4963,1,
  4962,28,4955,6,5144,4,5146,6,214,36,1,1,0,16,1,6,132,10,0,48,1446,5,51,17,1959,7,51,1,3,1,340,8,5592,4,1878,16,5322,5,3,4,
  5525,4,3,2,1898,7,5496,9,339,6,0,32,308,32,0,592,5146,9,5145,5,5135,11,4971,17,4974,11,4977,12,4955,17,5144,2,4967,11,5089,3,4967,7,5144,8,
  4962,26,4955,6,5144,4,5146,6,214,36,1,1,0,16,1,16,0,48,1446,5,51,18,1959,6,51,1,3,1,340,8,5592,4,1878,16,5322,5,3,4,5525,4,
  3,2,1898,7,5496,9,339,6,0,32,308,32,0,592,5146,9,5145,5,5135,12,4971,16,4974,11,4977,12,4955,17,4967,13,5089,3,4967,7,5144,8,4962,25,4955,6,
  5144,5,5146,6,214,36,1,1,0,16,1,16,0,48,5615,14,51,3,246,3,51,4,1959,5,51,1,3,1,340,6,5565,9,1878,13,5322,9,5525,4,3,3,
  1898,6,5496,8,339,7,0,32,308,32,0,592,5146,9,5145,5,5135,12,4971,16,4974,11,4977,12,4955,16,4967,14,5089,3,4967,6,5144,9,4962,24,4955,7,5144,5,
  5146,6,214,36,1,1,0,16,1,16,0,48,5615,14,246,6,51,6,1959,3,51,1,3,1,340,6,5565,9,1878,13,5322,9,3,13,5496,8,339,7,0,32,
  308,32,0,592,5146,9,5145,5,5135,13,4971,15,4974,9,4977,14,4955,16,4967,14,5089,3,4967,6,5144,9,4962,23,4955,5,5144,8,5146,6,214,36,1,1,0,16,
  1,16,0,48,5615,12,246,8,51,10,3,1,340,5,5565,10,1878,13,5322,9,3,2,5526,3,3,7,339,16,0,32,308,32,0,592,5146,9,5145,5,5135,27,
  4974,9,4977,15,4955,16,4967,14,5089,3,4967,6,5144,10,4962,22,4955,5,5144,8,5146,6,214,36,1,1,0,16,1,16,0,48,5615,10,246,10,51,10,3,1,
  340,5,5565,10,1878,12,5322,10,3,2,5526,3,3,7,339,16,0,32,308,32,0,592,5146,4,5145,10,5135,27,4974,9,4977,15,4955,16,4967,14,5089,3,4967,6,
  5144,10,4962,21,4955,6,5144,8,5146,5,214,37,1,1,0,16,1,16,0,48,5615,7,246,13,51,10,3,2,340,4,5565,10,1878,10,5322,12,3,2,5526,3,
  3,7,339,16,0,32,308,32,0,592,5146,4,5145,9,5135,28,4974,9,4977,15,4955,16,4967,14,5089,3,4967,5,5144,13,4962,19,4955,5,5144,6,5146,8,214,37,
  1,1,0,16,1,16,0,48,5615,7,246,12,51,11,3,2,340,4,5565,10,1878,8,5322,14,3,2,5526,3,3,7,339,16,0,32,308,32,0,592,5146,4,
  5145,9,5135,28,4974,10,4977,14,4955,16,4967,14,5089,3,4967,5,5144,13,4962,19,4955,5,5144,6,5146,8,214,37,1,1,0,16,1,16,0,48,5615,8,246,9,
  51,5,5629,3,51,5,3,2,340,4,5565,10,1878,7,5322,11,3,2,5322,1,3,3,5526,3,3,8,339,15,0,32,308,32,0,592,5146,4,5145,8,5135,27,
  4974,12,4977,14,4955,16,4967,14,5089,3,4967,4,5144,17,4962,14,4955,7,5144,6,5146,8,214,37,1,1,0,16,1,16,0,48,5615,1,246,5,5615,2,246,7,
  51,7,5629,3,51,5,3,2,340,4,5565,10,1878,5,5322,12,3,7,5526,2,5524,2,3,7,339,15,0,32,308,32,0,592,5146,4,5145,7,5135,27,4974,12,
  4977,15,4955,16,4967,14,5089,3,4967,4,5144,17,4962,13,4955,8,5144,4,5146,9,214,38,1,1,0,16,1,16,0,48,246,15,51,7,5629,3,51,5,3,2,
  340,4,5565,10,1878,5,5322,11,3,10,5524,2,3,7,339,15,0,32,308,32,0,592,5146,4,5145,5,5135,28,4974,12,4977,16,4955,16,4967,14,5089,3,4967,4,
  5144,29,4955,7,5144,6,5146,9,214,38,1,1,0,64,51,13,5615,3,246,14,1444,1,51,15,3,3,1879,9,5564,4,1878,5,5322,11,3,4,345,3,3,12,
  339,15,0,32,308,32,0,592,5146,4,5145,4,5135,28,4974,12,4977,17,4955,16,4967,14,5089,3,4967,4,5144,7,4955,2,5144,3,4955,2,5144,15,4955,6,5144,7,
  5146,9,214,38,1,1,0,64,51,15,246,14,1444,3,51,3,247,5,51,6,3,3,1879,9,5564,5,1878,3,5322,11,3,4,345,5,3,11,339,3,5519,3,
  339,9,0,32,308,32,0,592,5146,4,5145,3,5135,28,4974,13,4977,16,4955,17,4967,14,5089,3,4967,4,5144,5,4955,10,5144,14,4955,6,5144,7,5146,9,214,38,
  1,1,0,64,51,19,246,5,1444,8,51,1,247,7,51,5,3,4,1879,9,5564,5,5322,12,3,6,345,5,3,12,339,2,5519,3,339,9,0,32,308,32,
  0,592,5146,4,5145,2,5135,28,4974,14,4977,16,4955,17,4967,21,5144,5,4955,14,5144,7,4955,8,5144,8,5146,9,214,38,1,1,0,64,51,18,5628,6,1444,8,
  51,1,247,7,51,5,3,4,1879,9,5564,5,5322,10,3,8,345,5,3,12,339,2,5519,3,339,9,0,32,308,32,0,592,5146,4,5145,2,5135,28,4974,14,
  5145,3,4977,12,4955,18,4967,21,5144,4,4955,15,5144,2,4955,13,5144,8,5146,9,214,38,1,1,0,64,51,18,5628,6,1444,9,247,7,51,5,3,4,1879,9,
  5564,5,5322,9,3,10,345,3,3,13,339,12,3,2,0,32,308,32,0,592,5146,4,5145,1,5135,28,4974,14,5145,5,4977,11,4955,18,4967,22,4955,33,5144,5,
  5146,12,214,38,1,1,0,64,51,5,1957,6,51,7,5628,6,1444,10,247,6,51,5,3,4,344,11,3,4,5322,6,3,28,339,12,3,2,0,32,308,32,
  0,592,5146,4,5145,1,5135,28,4974,12,5145,8,4977,4,5145,6,4955,18,4967,22,4955,33,5144,5,5146,11,214,39,1,1,0,64,51,5,1957,6,51,7,5628,6,
  1444,16,51,5,3,4,344,11,3,4,5322,5,3,43,0,32,308,32,0,592,5146,4,5145,1,5135,28,4974,12,5145,18,4955,17,4967,23,4955,33,5144,5,5146,11,
  214,39,1,1,0,64,51,5,1957,6,51,13,1444,16,51,5,3,4,344,11,3,52,0,32,308,32,0,592,5146,4,5145,1,5135,28,4974,12,5145,19,4955,15,
  4968,1,4967,22,4955,7,4966,7,4955,20,5144,5,5146,11,214,39,1,1,0,64,51,5,1957,6,51,4,1445,4,51,5,1444,16,51,5,3,4,344,11,3,52,
  0,32,308,32,0,592,5146,4,5145,1,5135,16,5145,19,4974,5,5145,19,4955,15,4968,1,4967,20,5173,7,4966,10,4955,18,5144,6,5146,11,214,39,1,1,0,64,
  51,5,1957,6,51,4,1445,4,51,5,1444,16,51,5,3,4,344,1,347,3,344,7,3,52,0,32,308,32,0,592,5146,4,5145,1,5135,14,5145,45,4955,14,
  4968,2,4967,20,5173,7,4966,11,4955,17,5144,6,5146,11,214,34,12,6,0,64,51,5,1957,6,51,3,1445,5,51,7,1444,14,51,5,3,4,344,1,347,5,
  344,5,3,52,0,32,308,32,0,592,5146,4,5145,3,5135,11,5145,47,4955,13,4968,2,4967,20,5173,7,4966,27,5144,7,5146,11,214,34,12,6,0,64,51,6,
  1957,5,51,3,1445,8,51,7,1444,11,51,5,3,4,344,1,347,5,344,5,3,52,0,32,308,32,0,592,5146,4,5145,4,5135,9,5145,49,4955,12,4968,2,
  4967,20,5173,7,4966,27,5144,7,5146,10,214,35,12,6,0,64,51,13,1445,10,51,7,1444,10,51,6,3,3,344,1,347,5,344,5,3,52,0,32,308,32,
  0,592,5146,4,5145,5,5135,6,5145,51,4955,12,4968,2,4967,21,4955,6,4966,27,5144,7,5146,10,214,35,12,6,0,64,51,13,1445,11,51,8,1444,7,51,7,
  3,4,347,5,344,5,3,5,2420,1,3,46,0,32,308,32,0,592,5146,4,5145,63,4955,13,4967,19,4955,8,4966,27,5144,7,5146,10,214,35,12,6,0,64,
  46,8,51,5,254,11,46,18,250,2,46,3,3,8,344,5,3,2,2420,14,3,36,0,32,308,32,0,592,5146,4,5145,63,4955,13,4967,18,4955,9,4966,27,
  5144,7,5146,10,214,35,12,6,0,64,46,2,255,8,46,1,254,13,46,15,250,7,46,11,344,2,46,3,2420,18,46,16,3,16,0,32,308,32,0,592,
  5146,4,5145,65,4955,12,4967,16,4955,11,4966,4,0,32,5146,7,214,25,0,112,46,7,250,7,251,6,46,7,249,3,2420,18,0,48,3,16,308,16,0,608,
  5146,4,5145,65,5144,6,4955,7,4967,15,4955,12,4966,3,0,32,5146,7,214,25,0,112,46,7,250,7,251,6,46,7,249,3,2420,18,0,48,3,16,308,16,
  0,608,5146,4,5145,65,5144,8,4955,7,4967,9,4955,16,4966,3,0,32,5146,6,214,26,0,112,46,7,250,8,251,4,46,8,249,3,2420,10,2419,5,2420,3,
  0,48,3,16,308,16,0,608,214,32,5146,37,5144,10,4955,18,5144,12,4966,3,0,32,5146,6,214,26,0,112,46,7,250,9,251,3,46,6,249,5,2420,10,
  2419,5,2420,3,0,48,3,16,308,16,0,608,214,32,5146,37,5144,13,4955,15,5144,14,4966,1,0,32,5146,6,214,26,0,112,46,7,250,9,251,3,46,6,
  249,6,2420,9,2419,5,2420,3,0,48,3,16,308,16,0,608,214,32,5146,37,5144,13,4955,12,5144,17,4966,1,0,32,5146,5,214,27,0,112,5653,6,46,1,
  250,18,249,7,2420,8,2419,5,2420,3,0,48,3,16,308,16,0,608,214,32,5146,37,5144,42,4966,1,0,32,5146,5,214,27,0,112,5653,6,46,1,250,18,
  249,8,2420,7,2419,5,2420,3,0,48,3,16,308,16,0,608,214,32,5146,37,5144,42,4966,1,0,32,5146,5,214,27,0,112,5653,6,250,19,249,11,2420,5,
  2419,4,2420,3,0,48,3,16,308,16,0,608,214,32,5146,37,5144,43,0,32,5146,5,214,27,0,112,5653,6,250,19,249,11,2420,12,0,48,3,16,308,16,
  0,608,214,32,5146,37,5144,43,0,32,5146,5,214,27,0,112,5653,6,250,19,249,11,2420,12,0,48,3,16,308,16,0,608,214,32,5146,37,5144,43,0,32,
  5146,5,214,27,0,112,5653,6,250,19,249,10,2420,13,0,48,3,16,308,16,0,608,214,32,5146,37,5144,43,0,32,5146,5,214,27,0,112,5653,6,250,15,
  5677,4,249,10,2420,13,0,48,3,16,308,16,0,608,214,32,5146,37,5144,43,0,32,5146,5,214,27,0,112,5653,6,5654,6,250,9,5677,4,249,10,2420,13,
  0,48,3,16,308,16,0,608,214,32,5146,37,5144,43,0,32,5146,5,214,27,0,112,5653,6,5654,6,250,9,5677,4,249,10,2420,13,0,48,3,16,308,16,
  0,608,214,32,5146,80,0,32,5146,5,214,27,0,112,5653,6,5654,6,250,9,5677,4,249,10,2420,13,0,48,3,16,308,16,0,608,214,32,5146,80,0,32,
  214,32,0,112,5653,6,5654,6,46,9,5677,4,249,10,2420,13,0,48,3,16,308,16,0,608,214,32,5146,95,214,49,0,80,46,14,254,9,46,2,5652,7,
  0,16,46,5,5677,5,249,9,2420,13,0,16,46,18,2403,46,0,608,214,32,5146,95,214,49,0,80,46,13,5651,3,254,6,46,3,5652,7,0,16,46,5,
  5677,6,249,7,2420,14,0,16,46,18,2403,46,0,608,214,32,5146,95,214,49,0,80,46,13,5651,3,254,5,46,4,5652,7,0,16,46,5,5677,7,249,5,
  2420,15,0,16,46,19,2403,45,0,608,214,32,5146,95,214,49,0,80,46,13,5651,3,46,9,5652,7,0,16,46,5,5677,8,249,4,2420,15,0,16,46,19,
  2403,45,0,608,214,32,5146,95,214,49,0,80,46,25,5652,7,0,16,46,5,5677,13,2420,14,0,16,46,19,2403,45,0,608,214,32,5146,95,214,49,0,80,
  12,2,46,11,5650,10,46,2,5652,7,0,16,46,5,5677,14,2420,13,0,16,46,19,2403,45,0,608,214,32,5146,95,214,49,0,80,12,2,46,11,5650,10,
  46,2,5652,7,0,16,46,5,5677,14,2420,13,0,16,46,19,2403,45,0,608,214,32,5146,95,214,49,0,80,12,2,46,11,5650,10,46,2,5652,7,0,16,
  46,5,5677,14,2420,13,0,16,46,19,2403,45,0,608,214,32,5146,95,214,49,0,80,12,4,46,9,5650,10,46,2,5652,7,0,16,46,5,5677,14,2420,13,
  0,16,46,19,2403,45,0,608,214,32,5146,95,214,49,0,80,12,4,46,8,5650,11,46,2,5652,7,0,16,46,9,2417,6,2418,8,2420,9,0,16,46,19,
  2403,45,0,608,214,32,5146,95,214,49,0,80,12,4,46,7,5650,12,46,2,5652,7,0,16,46,9,2417,6,2418,8,2420,9,0,16,46,19,2403,45,0,608,
  214,32,5146,95,214,49,0,80,12,4,46,7,5650,12,46,9,0,16,46,9,2417,6,2418,8,2420,9,0,16,46,19,2403,45,0,608,214,32,5146,95,214,49,
  0,80,12,4,46,7,5650,12,46,9,0,16,46,9,2417,6,2418,7,2420,10,0,16,46,19,2403,45,0,608,214,32,5146,95,214,49,0,80,12,4,46,7,
  5650,12,46,9,0,16,46,9,2417,6,2418,7,2420,10,0,16,46,19,2403,45,0,608,214,32,5146,95,214,49,0,80,12,5,46,27,0,16,46,9,2417,7,
  46,6,2420,10,0,16,46,19,2403,45,0,608,214,176,0,80,12,6,46,26,0,16,46,10,2417,6,46,16,0,16,46,19,2403,45,0,608,214,128,2364,48,
  4411,16,0,112,46,10,2417,6,46,16,0,48,2403,32,0,608,214,128,2364,48,4411,16,0,112,46,2,44,2,996,5,46,1,2417,6,46,16,0,48,2403,32,
  0,608,214,128,2364,48,4411,16,0,112,46,1,996,2,998,3,996,3,46,1,2417,6,46,16,0,48,2403,32,0,608,214,128,2364,48,4411,16,0,112,46,1,
  996,2,998,3,996,3,46,1,2417,6,46,16,0,48,2403,32,0,608,214,128,2364,48,4411,16,0,112,44,1,996,2,998,3,996,6,44,20,0,48,2403,32,
  0,608,214,128,2364,48,4411,16,0,112,44,2,996,1,998,3,996,6,44,20,0,48,2403,32,0,608,214,128,2364,48,4411,16,0,112,95,2,44,1,996,9,
  44,20,0,48,2403,32,0,608,214,128,2364,48,4411,16,0,112,95,2,44,2,996,8,44,20,0,48,2403,32,0,608,214,128,2364,48,4411,16,0,112,95,3,
  44,2,996,7,44,20,0,48,2403,32,0,608,214,128,2364,48,4411,16,0,112,5321,2,95,4,44,1,996,5,44,20,0,48,2403,32,0,608,214,128,2364,48,
  4411,16,0,112,5321,2,95,5,44,2,996,3,44,19,1000,1,0,48,2403,32,0,608,214,128,2364,48,4411,16,0,112,5321,2,95,5,44,23,1000,2,0,48,
  2403,32,0,608,214,128,2364,48,4411,16,0,112,95,8,44,22,1000,2,0,48,2403,32,0,608,214,128,2364,48,4411,16,0,112,95,10,44,20,1000,2,0,48,
  2403,32,0,608,214,128,2364,48,4411,16,0,112,95,10,44,6,97,3,44,11,1000,2,0,48,2403,32,0,608,214,128,2364,48,4411,16,0,112,95,10,44,4,
  97,5,44,5,70,6,1000,2,0,48,2403,32,0,736,2364,32,0,240,2403,16,0,736,2364,32,0,240,2403,16,0,736,2364,32,0,240,2403,16,0,736,2364,32,
  0,240,2403,16,0,736,2364,32,0,240,2403,16,0,736,2364,32,0,240,2403,16,0,736,2364,32,0,240,2403,16,0,736,2364,32,0,240,2403,16,0,736,2364,32,
  0,240,2403,16,0,736,2364,32,0,240,2403,16,0,736,2364,32,0,240,2403,16,0,736,2364,32,0,240,2403,16,0,736,2364,32,0,240,2403,16,0,736,2364,32,
  0,240,2403,16,0,736,2364,32,0,240,2403,16,0,736,2364,32,0,240,2403,16,0,736,2364,32,0,240,2403,16,0,736,2364,32,0,240,2403,16,0,736,2364,32,
  0,240,2403,16,0,736,2364,32,0,240,2403,16,0,736,2364,32,0,240,2403,16,0,736,2364,32,0,240,2403,16,0,736,2364,32,0,240,2403,16,0,736,2364,32,
  0,240,2403,16,0,736,2364,32,0,240,2403,16,0,736,2364,32,0,240,2403,16,0,736,2364,32,0,240,2403,16,0,736,2364,32,0,240,2403,16,0,736,2364,32,
  0,240,2403,16,0,736,2364,32,0,240,2403,16,0,736,2364,32,0,240,2403,16,0,736,2364,32,0,240,2403,16,0,736,2364,32,0,32,40,2,918,8,107,6,
  0,48,799,5,242,11,0,112,2403,32,0,736,2364,32,0,32,40,1,918,9,107,6,0,48,10,2,242,14,0,112,2403,32,0,736,2364,32,0,32,40,1,
  918,9,107,6,0,48,10,2,242,14,0,112,2403,32,0,736,2364,32,0,32,918,10,107,6,0,48,856,2,242,14,0,112,2403,32,0,736,2364,32,0,32,
  918,9,40,1,107,6,0,48,856,2,242,14,0,112,2403,32,0,736,2364,32,0,32,5290,2,918,7,40,3,107,4,0,48,856,3,242,13,0,112,2403,32,
  0,736,2364,32,0,32,5290,2,918,6,40,8,0,48,856,3,242,13,0,112,2403,32,0,736,2364,32,0,32,5290,2,40,1,918,4,40,9,0,48,856,4,
  242,12,0,112,2403,32,0,736,2364,32,0,32,5290,2,40,12,108,2,0,48,856,4,242,12,0,112,2403,32,0,736,2364,32,0,32,5290,2,40,11,108,3,
  0,48,856,4,242,12,0,112,2403,32,0,736,2364,32,0,32,5290,2,40,9,108,5,0,48,856,4,242,12,0,112,2403,32,0,736,2364,32,0,32,40,10,
  108,6,0,48,856,4,242,12,0,112,2403,32,0,736,2364,32,0,32,40,10,108,6,0,48,856,3,242,13,0,112,2403,32,0,736,2364,32,0,32,219,1,
  40,9,108,6,0,48,856,3,242,13,0,112,2403,32,0,736,2364,32,0,32,219,1,40,9,108,6,0,48,856,1,10,2,242,13,0,112,2403,32,0,736,
  2364,32,0,32,219,1,40,3,919,6,108,6,0,48,10,3,242,13,0,112,2403,32,0,736,2364,16,0,96,10,20,242,11,42,9,10,8,0,32,8,1,
  4,23,8,7,1797,1,0,32,2403,32,0,736,2364,16,0,96,10,20,242,11,42,9,10,8,0,32,4,24,8,6,1797,2,0,32,2403,32,0,736,2364,16,
  0,96,10,25,242,5,10,1,42,8,10,9,0,32,1437,3,4,23,8,4,1797,2,0,32,2403,32,0,736,2364,16,0,96,10,31,42,8,10,8,41,1,
  0,32,1437,7,4,1,1437,1,4,18,8,3,1797,2,0,32,2403,32,0,736,2364,16,0,96,10,31,42,8,10,8,41,1,0,32,1437,9,4,19,8,2,
  1797,2,0,32,2403,32,0,736,2364,16,0,96,10,25,241,6,2161,5,121,6,10,5,41,1,0,32,1437,9,4,3,1438,2,1457,3,1438,10,4,2,8,1,
  1797,2,0,32,2403,32,0,736,2364,16,0,96,10,24,241,7,2161,5,121,6,10,5,41,1,0,32,1437,9,4,2,1438,1,5076,2,1457,2,5076,1,1438,11,
  4,2,1797,2,0,32,2403,32,0,736,2364,16,0,96,93,4,10,19,241,8,2161,5,121,6,10,5,41,1,0,32,1437,9,4,2,5076,4,1457,1,5076,1,
  1438,12,4,1,1797,2,0,32,2403,32,0,736,2364,16,0,96,93,9,10,3,245,5,10,4,245,2,241,8,2161,5,121,6,10,5,41,1,0,32,1437,8,
  4,3,1438,1,5076,5,1438,12,4,2,1797,1,0,32,2403,32,0,736,2364,16,0,96,93,9,10,3,245,5,10,3,245,3,241,8,2161,5,121,7,10,5,
  0,32,1437,8,4,4,5076,5,1438,12,4,2,1797,1,0,32,2403,32,0,736,2364,16,0,96,93,9,10,3,245,10,241,9,2161,5,121,7,10,5,0,32,
  1437,7,4,5,5076,5,1438,11,4,3,1797,1,0,32,2403,32,0,736,2364,16,0,96,93,10,10,2,245,10,241,9,2161,5,121,7,10,5,0,32,1437,7,
  4,5,5076,4,1438,12,4,3,1797,1,0,32,2403,32,0,736,2364,16,0,96,93,10,10,2,245,9,10,2,241,8,2161,5,121,7,10,5,0,32,1437,3,
  2517,4,4,5,5076,4,1438,12,4,3,1797,1,0,32,2403,32,0,736,2364,16,0,96,93,10,10,2,245,8,10,4,241,7,2161,5,121,6,10,6,0,32,
  1437,3,2517,5,4,4,1438,2,4,4,1438,9,4,4,8,1,0,32,2403,32,0,736,2364,16,0,96,93,10,10,2,245,6,10,20,121,3,10,7,0,32,
  1437,2,2517,6,4,13,1438,5,4,5,8,1,0,32,2403,32,0,736,2364,16,0,96,10,13,245,5,10,30,0,32,4,2,2517,8,4,21,8,1,0,32,
  2403,32,0,720,2364,32,0,112,10,16,0,32,2562,2,2561,4,41,3,1441,6,4,3,2517,8,4,6,0,48,2403,16,0,736,2364,32,0,112,10,16,0,32,
  2562,2,2561,1,41,6,1441,6,4,3,2517,8,4,6,0,48,2403,16,0,736,2364,32,0,112,10,16,0,32,41,9,1441,6,4,3,2517,8,4,6,0,48,
  2403,16,0,736,2364,32,0,112,10,16,0,32,41,9,1441,6,4,3,2517,8,4,6,0,48,2403,16,0,736,2364,32,0,112,33,16,0,32,41,9,1441,6,
  4,6,2517,5,4,6,0,48,2403,16,0,736,2364,32,0,112,33,16,0,32,41,8,4,8,5086,2,4,14,0,48,2403,16,0,736,2364,32,0,112,33,1,
  101,10,33,5,0,32,41,8,4,8,5086,2,4,3,1439,3,4,8,0,48,2403,16,0,736,2364,32,0,112,101,12,33,4,0,32,41,6,4,14,1439,4,
  4,8,0,48,2403,16,0,736,2364,32,0,112,101,12,33,4,0,32,4,19,1439,5,4,8,0,48,2403,16,0,736,2364,32,0,112,101,12,33,4,0,32,
  4,2,73,9,4,8,1439,5,4,8,0,48,2403,16,0,736,2364,32,0,112,101,12,33,4,0,32,4,1,73,10,4,8,1439,5,4,8,0,48,2403,16,
  0,736,2364,32,0,112,101,12,33,4,0,32,4,1,73,11,4,8,1439,3,4,8,72,1,0,48,2403,16,0,736,2364,32,0,112,101,12,33,4,0,32,
  4,1,73,12,4,17,72,2,0,48,2403,16,0,736,2364,32,0,112,33,1,101,11,33,4,0,32,4,1,73,14,4,14,72,3,0,48,2403,16,0,736,
  2364,32,0,112,33,1,101,4,33,11,0,32,4,1,73,14,4,12,72,5,0,48,2403,16,0,736,2364,32,0,112,33,16,0,32,4,1,73,14,4,9,
  72,8,0,48,2403,16,0,736,2364,32,0,112,33,16,0,64,72,9,4,7,0,16,5096,16,0,752,2364,32,0,112,33,16,0,64,72,9,4,7,0,16,
  5096,16,0,752,2364,32,0,112,33,16,0,64,72,9,4,7,0,16,5096,16,0,752,2364,32,0,112,1740,6,33,9,19,1,0,64,72,9,4,7,0,16,
  5096,16,0,752,2339,32,0,112,1740,7,33,7,19,2,0,64,72,9,4,7,0,16,5096,16,0,752,2339,32,0,112,1740,7,33,7,19,2,0,64,72,9,
  4,7,0,16,5096,16,0,752,2339,32,0,112,1740,7,33,7,19,2,0,64,72,9,4,7,0,16,5096,16,0,752,2339,32,0,112,1740,8,33,7,19,1,
  0,64,72,5,4,11,0,16,5096,16,0,752,2339,32,0,112,1740,9,33,7,0,64,72,3,4,13,0,16,5096,16,0,752,2339,32,0,112,1740,9,33,7,
  0,64,4,14,5078,2,0,16,5096,16,0,752,2339,32,0,112,1740,8,5317,5,33,3,0,64,4,6,5082,2,4,5,5078,3,0,16,5096,16,0,752,2339,32,
  0,112,1740,8,5317,5,33,3,0,64,4,6,5082,3,4,4,5078,3,0,16,5096,16,0,752,2339,32,0,112,1740,9,5317,4,33,3,0,64,4,6,5082,3,
  4,4,5078,3,0,16,5096,16,0,752,2339,32,0,112,33,1,1740,8,5317,4,33,3,0,64,4,5,5078,11,0,16,5096,16,0,752,2339,32,0,112,33,2,
  1740,7,33,1,105,6,0,64,4,4,5078,12,0,16,5096,16,0,752,2339,32,0,112,33,3,1740,6,105,7,0,64,4,3,5078,13,0,16,5096,16,0,752,
  2339,64,0,80,33,3,1740,6,105,7,0,96,5096,16,0,752,2339,64,0,80,33,9,105,7,0,96,5096,16,0,752,2339,64,0,80,33,9,105,7,0,96,
  5096,16,0,752,2339,64,0,80,33,8,105,8,0,96,5096,16,0,752,2339,64,0,80,33,5,127,3,105,8,0,96,5096,16,0,752,2339,64,0,80,33,5,
  127,3,105,7,33,1,0,96,5096,16,0,752,2339,64,0,80,33,3,127,6,105,6,33,1,0,96,5096,16,0,752,2339,64,0,80,33,3,127,7,105,5,
  33,1,0,96,5096,16,0,752,2339,64,0,80,33,3,127,7,33,6,0,96,5096,16,0,752,2339,64,0,80,128,2,33,1,127,7,33,6,0,96,5096,16,
  0,752,2339,64,0,80,128,3,127,7,33,6,0,96,5096,16,0,752,2339,64,0,80,128,3,127,5,33,8,0,96,5096,16,0,752,2339,64,0,80,128,3,
  33,13,0,96,5096,16,0,752,2339,64,0,80,128,3,33,13,0,96,5096,16,0,752,2339,64,0,80,128,3,33,13,0,96,5096,16,0,752,2339,64,0,80,
  33,16,0,96,5096,16,0,768,2339,64,0,16,1578,16,0,32,33,6,103,5,33,5,0,80,5096,32,0,768,2339,64,0,16,1578,16,0,32,33,1,103,10,
  33,5,0,80,5096,32,0,768,2339,64,0,16,1578,16,0,32,33,1,103,11,33,4,0,80,5096,32,0,768,2339,64,0,16,1578,16,0,32,33,1,103,12,
  33,3,0,80,5096,32,0,768,2339,64,0,16,1578,16,0,32,33,1,103,12,33,3,0,80,5096,32,0,768,2339,64,0,16,1578,16,0,32,33,1,103,12,
  33,3,0,80,5096,32,0,768,2339,64,0,16,1578,16,0,32,33,1,103,12,33,3,0,80,5096,32,0,768,2339,64,0,16,1578,16,0,32,33,1,103,12,
  33,3,0,80,5096,32,0,768,2338,64,0,16,1578,16,0,32,33,1,103,12,33,3,0,80,5096,32,0,768,2338,64,0,16,1578,16,0,32,33,1,103,8,
  33,7,0,80,5096,32,0,768,2338,64,0,16,1578,16,0,32,33,16,0,80,5096,32,0,768,2338,64,0,16,1578,9,1739,2,1578,5,0,32,33,16,0,80,
  5096,32,0,768,2338,64,0,16,1578,9,1739,3,1578,4,0,32,33,16,0,80,5096,32,0,768,2338,64,0,16,1578,8,1739,4,1578,4,0,32,33,16,0,80,
  5096,32,0,768,2338,64,0,16,1578,8,1739,6,1578,2,0,32,33,16,0,80,5096,32,0,768,2338,64,0,16,1578,8,1739,6,1578,2,0,32,33,16,0,80,
  5096,32,0,768,2338,64,0,96,2338,32,0,832,2338,64,0,96,2338,32,0,832,2338,64,0,96,2338,32,0,832,2338,64,0,96,2338,32,0,832,2338,64,0,96,
  2338,32,0,832,2338,64,0,96,2338,32,0,832,2338,64,0,96,2338,32,0,832,2338,64,0,96,2338,32,0,832,2338,64,0,96,2338,32,0,832,2338,64,0,96,
  2338,32,0,832,2338,64,0,96,2338,32,0,832,2338,64,0,96,2338,32,0,832,2338,64,0,96,2338,32,0,832,2338,64,0,96,2338,32,0,832,2338,64,0,96,
  2338,32,0,832,2338,64,0,96,2338,32,0,832,2338,80,0,64,2338,32,0,848,2338,80,0,64,2338,32,0,848,2338,80,0,64,2338,32,0,848,2338,80,0,64,
  2338,32,0,848,2338,80,0,64,2338,32,0,848,2338,80,0,64,2338,32,0,848,2338,80,0,64,2338,32,0,848,2338,80,0,64,2338,32,0,848,2338,80,0,64,
  2338,32,0,848,2338,80,0,64,2338,32,0,848,2338,80,0,64,2338,32,0,848,2338,80,0,64,2338,32,0,848,2338,80,0,64,2338,32,0,848,2338,80,0,64,
  2338,32,0,848,2338,80,0,64,2338,32,0,848,2338,80,0,64,2338,32,0,880,2338,48,0,64,2338,16,0,896,2338,48,0,64,2338,16,0,896,2338,48,0,64,
  2338,16,0,896,2338,48,0,64,2338,16,0,896,2338,48,0,64,2338,16,0,896,2338,48,0,64,2338,16,0,896,2338,48,0,64,2338,16,0,896,2338,48,0,64,
  2338,16,0,896,2338,48,0,64,2338,16,0,896,2338,48,0,64,2338,16,0,896,2338,48,0,64,2338,16,0,896,2338,48,0,64,2338,16,0,896,2338,48,0,64,
  2338,16,0,896,2338,48,0,64,2338,16,0,896,2338,48,0,64,2338,16,0,896,2338,48,0,64,2338,16,0,896,2338,48,0,64,2338,16,0,896,2338,48,0,64,
  2338,16,0,896,2338,48,0,64,2338,16,0,896,2338,48,0,64,2338,16,0,896,2338,48,0,64,2338,16,0,896,2338,48,0,64,2338,16,0,896,2338,48,0,64,
  2338,16,0,896,2338,48,0,64,2338,16,0,896,2338,48,0,64,2338,16,0,896,2338,48,0,64,2338,16,0,896,2338,48,0,64,2338,16,0,896,2338,48,0,64,
  2338,16,0,896,2338,48,0,64,2338,16,0,896,2338,48,0,64,2338,16,0,896,2338,48,0,64,2338,16,0,896,2338,48,0,64,2338,16,0,896,2338,128,0,896,
  2338,128,0,896,2338,128,0,896,2338,128,0,896,2338,128,0,896,2338,128,0,896,2338,128,0,896,2338,128,0,896,2338,128,0,896,2338,128,0,896,2338,128,0,896,
  2338,128,0,896,2338,128,0,896,2338,128,0,896,2338,128,0,896,2338,128,0,33232,
}

addon:RegisterGrid("Azeroth", {
    name = "Azeroth",
    size = 1024,
    rleData = rleData,
})
